Book 1
General Statistics
------------------
[1, 'Pro', 45]
Max number of links: 10.0
Average links: 5.41666666667
[1, 'Com', 29]
Max linked number: 26.0
Average linked: 0.698924731183
[1, 'Pro', 4]
Maximum length text: 3681
Top 10 Words in Statement
------------------
equal 55
straight 49
two 41
angles 34
one 30
lines 25
given 24
line 24
sides 23
triangle 22
Top 10 Words in Text
------------------
angle 325
equals 301
therefore 241
equal 227
angles 200
straight 187
two 167
triangle 149
ab 135
line 119
Text based K Means Cluster
-----------------------------
Category 0
[0, 1, 2, 3, 4, 5, 6, 7, 8, 9, 10, 11, 12, 13, 14, 15, 16, 17, 18, 19, 20, 21, 22, 23, 24, 25, 29, 30, 31, 32, 33, 34, 35, 36, 37, 38, 39, 40, 41, 42, 43, 44, 45, 46, 47]
Category 1
[]
Category 2
[]
Category 3
[26, 27, 28]
Category 4
[]
Links based K Means Cluster
-----------------------------
Category 0
[0, 1, 2, 11, 62]
Category 1
[3, 7, 9, 12, 13, 14, 22, 24, 26, 28, 29, 30, 31, 32, 33, 40, 42, 45, 48, 49, 50, 52, 53, 54, 55, 58, 61, 65, 66, 67, 68, 69, 70, 71, 72, 73, 74, 78, 80, 82, 83, 84, 85, 86, 87, 88, 89, 90, 91, 93, 95, 97, 98, 99, 100, 101, 103, 104, 105, 106, 107, 109, 110, 112, 114, 115, 116, 117, 118, 119, 120, 121, 122, 123, 124, 125, 126, 127, 128, 129, 130, 131, 132, 133, 134, 135, 136, 137, 138, 139, 140, 141, 143, 144, 145, 147, 148, 149, 150, 151, 152, 153, 154, 155, 156, 157, 158, 159, 160, 161, 162, 163, 164, 165, 166, 167, 168, 169, 171, 172, 173, 174, 175, 176, 177, 178, 179, 180, 181, 182, 183, 184, 185, 186, 187, 188, 189, 190, 191, 192, 193, 194, 195, 196, 197, 198, 199, 200, 201, 202, 203, 204, 205, 206, 207, 208, 209, 210, 211, 212, 213, 214, 215, 216, 217, 218, 219, 220, 221, 222, 223, 224, 225, 226, 227, 228, 229, 230, 231, 232, 233, 234, 235, 236, 237, 238, 239, 240, 241, 242, 243, 244, 245, 246, 247, 248, 249, 250, 251, 252, 253, 254, 255, 256, 257, 258, 259, 260, 261, 262, 263, 264, 265, 266, 267, 268, 269, 270, 271, 272, 273, 274]
Category 2
[4, 5, 6, 8, 10, 15, 16, 17, 19, 20, 21, 23, 25, 27, 34, 35, 36, 37, 38, 39, 41, 43, 44, 46, 47]
Category 3
[59, 60, 75, 76, 77, 79, 94, 96, 102, 111, 170]
Category 4
[18, 51, 56, 57, 63, 64, 81, 92, 108, 113, 142, 146]
Singular Value Decomposition
----------------------------
[ 8.6999  5.5927  4.2043  3.905   3.3358  3.1932  3.016   2.9552  2.8682
  2.6283  2.5368  2.4459  2.3002  2.168   2.0817  2.0187  1.9179  1.8074
  1.7097  1.5746  1.512   1.4746  1.4439  1.3798  1.3224  1.2105  1.1652
  1.1381  0.9751  0.9538  0.9332  0.9063  0.8935  0.8449  0.8009  0.7397
  0.7104  0.6119  0.5459  0.5259  0.4649  0.3551  0.346   0.293   0.2034
  0.1768  0.104   0.0423]
[ 0.      0.      0.      0.     -0.     -0.      0.      0.     -0.
 -0.2634  0.      0.      0.     -0.     -0.402  -0.1671 -0.      0.      0.
 -0.4727  0.     -0.2352 -0.0096 -3.31   -2.1493 -0.5691 -0.7201 -0.3089
 -4.3945 -3.0252 -2.6121 -2.0233 -2.2605 -0.3366 -0.0718 -1.6549 -1.4242
 -0.5639 -0.     -0.0271 -0.4671 -0.0299 -0.3651 -0.3741  0.     -0.9943
 -0.3369 -0.6916 -0.7165  0.     -0.0076 -0.2336 -0.3993  0.     -0.0506
 -0.318  -0.0191  0.     -0.074  -0.3895  0.     -1.0803 -0.1923 -1.4676
  0.     -0.3209 -1.3243 -0.3882 -0.2578 -0.1874 -0.262   0.      0.     -0.282
 -0.3768 -0.1845 -0.1923  0.     -0.1446 -0.1771  0.      0.      0.      0.
  0.      0.      0.      0.      0.      0.      0.      0.      0.      0.
  0.      0.      0.      0.      0.      0.      0.      0.      0.      0.
  0.      0.      0.      0.      0.      0.      0.      0.      0.      0.
  0.      0.      0.      0.      0.      0.      0.      0.      0.      0.
  0.      0.      0.      0.      0.      0.      0.      0.      0.      0.
  0.      0.      0.      0.      0.      0.      0.      0.      0.      0.
  0.      0.      0.      0.      0.      0.      0.      0.      0.      0.
  0.      0.      0.      0.      0.      0.      0.      0.      0.      0.
  0.      0.      0.      0.      0.      0.      0.      0.      0.      0.
  0.      0.      0.      0.      0.      0.      0.      0.      0.      0.
  0.      0.      0.      0.      0.      0.      0.      0.      0.      0.
  0.      0.      0.      0.      0.      0.      0.      0.      0.      0.
  0.      0.      0.      0.      0.      0.      0.      0.      0.      0.
  0.      0.      0.      0.      0.      0.      0.      0.      0.      0.
  0.      0.      0.      0.      0.      0.      0.      0.      0.      0.
  0.      0.      0.      0.      0.      0.      0.      0.      0.      0.
  0.      0.      0.      0.      0.      0.      0.      0.      0.      0.
  0.      0.      0.      0.      0.      0.      0.      0.      0.      0.
  0.      0.      0.      0.      0.      0.      0.      0.      0.      0.
  0.      0.      0.      0.      0.      0.      0.      0.      0.      0.
  0.      0.      0.      0.      0.      0.      0.      0.      0.      0.
  0.      0.      0.      0.      0.      0.      0.      0.      0.      0.
  0.      0.      0.      0.      0.      0.      0.      0.      0.      0.
  0.      0.      0.      0.      0.      0.      0.      0.      0.      0.
  0.      0.      0.      0.      0.      0.      0.      0.      0.      0.
  0.      0.      0.      0.      0.      0.      0.      0.      0.      0.
  0.      0.      0.      0.      0.      0.      0.      0.      0.      0.
  0.      0.      0.      0.      0.      0.      0.      0.      0.      0.
  0.      0.      0.      0.      0.      0.      0.      0.    ]
[ 0.     -0.      0.      0.     -0.      0.     -0.      0.     -0.
 -0.4199  0.      0.     -0.      0.     -0.3089 -0.1701 -0.      0.     -0.
 -0.945   0.     -0.1606  0.0022 -3.4685  0.1104 -0.479   0.3099  0.0137
  0.75    1.4642  1.5694  1.4757  1.0172 -0.5825 -0.0013 -2.1004 -0.9943
 -0.5747 -0.      0.0487 -1.0307 -0.0833 -0.524  -0.1499  0.      0.907
 -0.1475  0.066   0.0671  0.     -0.019  -0.4329  0.0374  0.     -0.1486
 -0.5199 -0.0328  0.      0.0154 -0.0277  0.     -0.0021 -0.0396 -0.0262
  0.     -0.1097  0.4822  0.1536  0.226  -0.1957 -0.2315  0.      0.
 -0.2442 -0.1283 -0.0887 -0.0396  0.     -0.1079 -0.1498  0.      0.      0.
  0.      0.      0.      0.      0.      0.      0.      0.      0.      0.
  0.      0.      0.      0.      0.      0.      0.      0.      0.      0.
  0.      0.      0.      0.      0.      0.      0.      0.      0.      0.
  0.      0.      0.      0.      0.      0.      0.      0.      0.      0.
  0.      0.      0.      0.      0.      0.      0.      0.      0.      0.
  0.      0.      0.      0.      0.      0.      0.      0.      0.      0.
  0.      0.      0.      0.      0.      0.      0.      0.      0.      0.
  0.      0.      0.      0.      0.      0.      0.      0.      0.      0.
  0.      0.      0.      0.      0.      0.      0.      0.      0.      0.
  0.      0.      0.      0.      0.      0.      0.      0.      0.      0.
  0.      0.      0.      0.      0.      0.      0.      0.      0.      0.
  0.      0.      0.      0.      0.      0.      0.      0.      0.      0.
  0.      0.      0.      0.      0.      0.      0.      0.      0.      0.
  0.      0.      0.      0.      0.      0.      0.      0.      0.      0.
  0.      0.      0.      0.      0.      0.      0.      0.      0.      0.
  0.      0.      0.      0.      0.      0.      0.      0.      0.      0.
  0.      0.      0.      0.      0.      0.      0.      0.      0.      0.
  0.      0.      0.      0.      0.      0.      0.      0.      0.      0.
  0.      0.      0.      0.      0.      0.      0.      0.      0.      0.
  0.      0.      0.      0.      0.      0.      0.      0.      0.      0.
  0.      0.      0.      0.      0.      0.      0.      0.      0.      0.
  0.      0.      0.      0.      0.      0.      0.      0.      0.      0.
  0.      0.      0.      0.      0.      0.      0.      0.      0.      0.
  0.      0.      0.      0.      0.      0.      0.      0.      0.      0.
  0.      0.      0.      0.      0.      0.      0.      0.      0.      0.
  0.      0.      0.      0.      0.      0.      0.      0.      0.      0.
  0.      0.      0.      0.      0.      0.      0.      0.      0.      0.
  0.      0.      0.      0.      0.      0.      0.      0.      0.      0.
  0.      0.      0.      0.      0.      0.      0.      0.      0.    ]
[ 0.      0.      0.     -0.     -0.      0.      0.     -0.      0.
  0.0603 -0.     -0.      0.      0.      0.1905 -0.0387  0.     -0.      0.
 -0.4451 -0.      0.3627 -0.0361  0.3016 -1.0306  0.1518  0.3218  0.4153
  1.4059  0.2934 -1.1418 -0.9895 -1.3433 -0.335   0.1048 -1.2292 -0.7642
 -0.6954 -0.     -0.0593 -0.0852 -0.0926  0.0501  0.3707 -0.      0.1765
  0.5417  0.1264 -0.6016  0.     -0.0417 -0.4052 -0.2454  0.      0.013
  0.0329 -0.0458  0.      0.0505 -0.0679  0.      1.3129  0.3657  1.4696
  0.      0.5403  0.6927  0.1465 -0.0386  0.2661  0.4367  0.      0.
  0.4082  0.6443  0.2786  0.3657  0.      0.176   0.0634  0.      0.      0.
  0.      0.      0.      0.      0.      0.      0.      0.      0.      0.
  0.      0.      0.      0.      0.      0.      0.      0.      0.      0.
  0.      0.      0.      0.      0.      0.      0.      0.      0.      0.
  0.      0.      0.      0.      0.      0.      0.      0.      0.      0.
  0.      0.      0.      0.      0.      0.      0.      0.      0.      0.
  0.      0.      0.      0.      0.      0.      0.      0.      0.      0.
  0.      0.      0.      0.      0.      0.      0.      0.      0.      0.
  0.      0.      0.      0.      0.      0.      0.      0.      0.      0.
  0.      0.      0.      0.      0.      0.      0.      0.      0.      0.
  0.      0.      0.      0.      0.      0.      0.      0.      0.      0.
  0.      0.      0.      0.      0.      0.      0.      0.      0.      0.
  0.      0.      0.      0.      0.      0.      0.      0.      0.      0.
  0.      0.      0.      0.      0.      0.      0.      0.      0.      0.
  0.      0.      0.      0.      0.      0.      0.      0.      0.      0.
  0.      0.      0.      0.      0.      0.      0.      0.      0.      0.
  0.      0.      0.      0.      0.      0.      0.      0.      0.      0.
  0.      0.      0.      0.      0.      0.      0.      0.      0.      0.
  0.      0.      0.      0.      0.      0.      0.      0.      0.      0.
  0.      0.      0.      0.      0.      0.      0.      0.      0.      0.
  0.      0.      0.      0.      0.      0.      0.      0.      0.      0.
  0.      0.      0.      0.      0.      0.      0.      0.      0.      0.
  0.      0.      0.      0.      0.      0.      0.      0.      0.      0.
  0.      0.      0.      0.      0.      0.      0.      0.      0.      0.
  0.      0.      0.      0.      0.      0.      0.      0.      0.      0.
  0.      0.      0.      0.      0.      0.      0.      0.      0.      0.
  0.      0.      0.      0.      0.      0.      0.      0.      0.      0.
  0.      0.      0.      0.      0.      0.      0.      0.      0.      0.
  0.      0.      0.      0.      0.      0.      0.      0.      0.      0.
  0.      0.      0.      0.      0.      0.      0.      0.      0.    ]
Book 2
General Statistics
------------------
[2, 'Pro', 10]
Max number of links: 11.0
Average links: 5.21428571429
[1, 'Pro', 31]
Max linked number: 10.0
Average linked: 0.19623655914
[2, 'Pro', 10]
Maximum length text: 3168
Top 10 Words in Statement
------------------
straight 31
line 29
square 21
by 17
segments 14
contained 13
whole 13
cut 11
rectangle 11
then 10
Top 10 Words in Text
------------------
equals 169
square 149
therefore 103
by 101
rectangle 87
sum 83
angle 72
squares 66
ab 64
straight 59
Text based K Means Cluster
-----------------------------
Category 0
[3]
Category 1
[7]
Category 2
[0, 1, 2, 4, 5, 6, 10, 13]
Category 3
[8, 9]
Category 4
[11, 12]
Links based K Means Cluster
-----------------------------
Category 0
[23, 30, 41, 68, 69, 86, 88, 94, 95, 100, 101, 144, 145, 146, 157]
Category 1
[0, 1, 2, 3, 4, 5, 6, 7, 8, 9, 10, 11, 12, 13, 14, 15, 16, 17, 18, 19, 20, 21, 22, 24, 25, 26, 27, 28, 35, 36, 37, 38, 39, 40, 42, 46, 47, 48, 49, 50, 52, 53, 54, 55, 58, 59, 60, 61, 62, 63, 64, 65, 66, 67, 70, 71, 72, 73, 74, 75, 76, 77, 78, 79, 80, 81, 82, 83, 84, 85, 87, 89, 90, 91, 92, 93, 96, 97, 98, 99, 102, 103, 104, 105, 106, 107, 108, 109, 110, 111, 112, 113, 114, 115, 116, 117, 118, 119, 120, 121, 122, 123, 124, 125, 126, 127, 128, 129, 130, 131, 132, 133, 134, 135, 136, 137, 138, 139, 140, 141, 143, 147, 148, 149, 150, 151, 152, 153, 154, 155, 156, 158, 159, 160, 161, 162, 164, 165, 166, 167, 168, 169, 170, 172, 173, 174, 175, 176, 177, 178, 179, 180, 181, 182, 183, 184, 185, 186, 187, 188, 189, 190, 191, 192, 193, 194, 195, 196, 197, 198, 199, 200, 201, 202, 203, 204, 205, 206, 207, 208, 209, 210, 211, 212, 213, 214, 215, 216, 217, 218, 219, 220, 221, 222, 223, 224, 225, 226, 227, 228, 229, 230, 231, 232, 233, 234, 235, 236, 237, 238, 239, 240, 241, 242, 243, 244, 245, 246, 247, 248, 249, 250, 251, 252, 253, 254, 255, 256, 257, 258, 259, 260, 261, 262, 263, 264, 265, 266, 267, 268, 269, 270, 271, 272, 273, 274]
Category 2
[29, 31, 32, 33, 34, 43, 44, 45, 51, 56, 57, 142, 163, 171]
Category 3
[]
Category 4
[]
Singular Value Decomposition
----------------------------
[ 5.6012  3.8557  2.8874  2.1639  1.9011  1.7117  1.4523  1.3822  1.
  0.9861  0.7877  0.6369  0.4224  0.    ]
[ 0.      0.     -0.      0.     -0.     -0.      0.      0.      0.     -0.
  0.     -0.      0.      0.      0.      0.      0.     -0.1201  0.      0.
  0.      0.      0.      0.      0.      0.      0.     -0.4724  0.      0.
  0.      0.      0.      0.      0.     -1.8114  0.     -1.2958 -1.2958
  0.      0.      0.     -0.2943 -1.1762 -0.0917  0.      0.     -0.4724
  0.      0.      0.      0.      0.      0.      0.      0.      0.      0.
  0.      0.      0.     -1.2958  0.     -2.8884 -0.9147  0.     -1.8981
  0.     -0.8165  0.      0.      0.      0.      0.      0.     -1.3942
  0.     -0.1201 -1.8865 -1.3008  0.     -0.4272 -0.4756  0.      0.      0.
 -0.0458 -0.1201 -0.1743 -0.0458  0.      0.      0.      0.      0.      0.
  0.      0.      0.      0.      0.      0.      0.      0.      0.      0.
  0.      0.      0.      0.      0.      0.      0.      0.      0.      0.
  0.      0.      0.      0.      0.      0.      0.      0.      0.      0.
  0.      0.      0.      0.      0.      0.      0.      0.      0.      0.
  0.      0.      0.      0.      0.      0.      0.      0.      0.      0.
  0.      0.      0.      0.      0.      0.      0.      0.      0.      0.
  0.      0.      0.      0.      0.      0.      0.      0.      0.      0.
  0.      0.      0.      0.      0.      0.      0.      0.      0.      0.
  0.      0.      0.      0.      0.      0.      0.      0.      0.      0.
  0.      0.      0.      0.      0.      0.      0.      0.      0.      0.
  0.      0.      0.      0.      0.      0.      0.      0.      0.      0.
  0.      0.      0.      0.      0.      0.      0.      0.      0.      0.
  0.      0.      0.      0.      0.      0.      0.      0.      0.      0.
  0.      0.      0.      0.      0.      0.      0.      0.      0.      0.
  0.      0.      0.      0.      0.      0.      0.      0.      0.      0.
  0.      0.      0.      0.      0.      0.      0.      0.      0.      0.
  0.      0.      0.      0.      0.      0.      0.      0.      0.      0.
  0.      0.      0.      0.      0.      0.      0.      0.      0.      0.
  0.      0.      0.      0.      0.      0.      0.      0.      0.      0.
  0.      0.      0.      0.      0.      0.      0.      0.      0.      0.
  0.      0.      0.      0.      0.      0.      0.      0.      0.      0.
  0.      0.      0.      0.      0.      0.      0.      0.      0.      0.
  0.      0.      0.      0.      0.      0.      0.      0.      0.      0.
  0.      0.      0.      0.      0.      0.      0.      0.      0.      0.
  0.      0.      0.      0.      0.      0.      0.      0.      0.      0.
  0.      0.      0.      0.      0.      0.      0.      0.      0.      0.
  0.      0.      0.      0.      0.      0.      0.      0.      0.      0.
  0.      0.      0.      0.      0.      0.    ]
[ 0.     -0.      0.      0.      0.     -0.      0.      0.      0.     -0.
  0.     -0.      0.      0.      0.      0.      0.     -0.2065  0.      0.
  0.      0.      0.      0.      0.      0.      0.     -0.4427  0.      0.
  0.      0.      0.      0.      0.     -0.9025  0.     -0.7215 -0.7215
  0.      0.      0.     -0.2519 -0.9134 -0.2184  0.      0.     -0.4427
  0.      0.      0.      0.      0.      0.      0.      0.      0.      0.
  0.      0.      0.     -0.7215  0.      0.9532 -0.8258  0.     -0.5463
  0.      1.0954  0.      0.      0.      0.      0.      0.      1.4862
  0.     -0.2065  1.8212 -1.2961  0.      0.1061  0.8326  0.      0.      0.
 -0.1092 -0.2065 -0.0454 -0.1092  0.      0.      0.      0.      0.      0.
  0.      0.      0.      0.      0.      0.      0.      0.      0.      0.
  0.      0.      0.      0.      0.      0.      0.      0.      0.      0.
  0.      0.      0.      0.      0.      0.      0.      0.      0.      0.
  0.      0.      0.      0.      0.      0.      0.      0.      0.      0.
  0.      0.      0.      0.      0.      0.      0.      0.      0.      0.
  0.      0.      0.      0.      0.      0.      0.      0.      0.      0.
  0.      0.      0.      0.      0.      0.      0.      0.      0.      0.
  0.      0.      0.      0.      0.      0.      0.      0.      0.      0.
  0.      0.      0.      0.      0.      0.      0.      0.      0.      0.
  0.      0.      0.      0.      0.      0.      0.      0.      0.      0.
  0.      0.      0.      0.      0.      0.      0.      0.      0.      0.
  0.      0.      0.      0.      0.      0.      0.      0.      0.      0.
  0.      0.      0.      0.      0.      0.      0.      0.      0.      0.
  0.      0.      0.      0.      0.      0.      0.      0.      0.      0.
  0.      0.      0.      0.      0.      0.      0.      0.      0.      0.
  0.      0.      0.      0.      0.      0.      0.      0.      0.      0.
  0.      0.      0.      0.      0.      0.      0.      0.      0.      0.
  0.      0.      0.      0.      0.      0.      0.      0.      0.      0.
  0.      0.      0.      0.      0.      0.      0.      0.      0.      0.
  0.      0.      0.      0.      0.      0.      0.      0.      0.      0.
  0.      0.      0.      0.      0.      0.      0.      0.      0.      0.
  0.      0.      0.      0.      0.      0.      0.      0.      0.      0.
  0.      0.      0.      0.      0.      0.      0.      0.      0.      0.
  0.      0.      0.      0.      0.      0.      0.      0.      0.      0.
  0.      0.      0.      0.      0.      0.      0.      0.      0.      0.
  0.      0.      0.      0.      0.      0.      0.      0.      0.      0.
  0.      0.      0.      0.      0.      0.      0.      0.      0.      0.
  0.      0.      0.      0.      0.      0.    ]
[ 0.     -0.      0.      0.     -0.     -0.     -0.      0.      0.      0.
 -0.      0.     -0.      0.      0.      0.      0.      0.6464  0.      0.
  0.      0.      0.      0.      0.      0.      0.     -0.1933  0.      0.
  0.      0.      0.      0.      0.      0.8855  0.     -0.6009 -0.6009
  0.      0.      0.      1.1959 -0.3988  0.5128  0.      0.     -0.1933
  0.      0.      0.      0.      0.      0.      0.      0.      0.      0.
  0.      0.      0.     -0.6009  0.     -0.3663 -0.3403  0.     -0.571   0.
  0.2217  0.      0.      0.      0.      0.      0.     -0.0149  0.
  0.6464  0.5819  1.3684  0.     -0.0371  0.1333  0.      0.      0.
  0.2564  0.6464  0.5495  0.2564  0.      0.      0.      0.      0.      0.
  0.      0.      0.      0.      0.      0.      0.      0.      0.      0.
  0.      0.      0.      0.      0.      0.      0.      0.      0.      0.
  0.      0.      0.      0.      0.      0.      0.      0.      0.      0.
  0.      0.      0.      0.      0.      0.      0.      0.      0.      0.
  0.      0.      0.      0.      0.      0.      0.      0.      0.      0.
  0.      0.      0.      0.      0.      0.      0.      0.      0.      0.
  0.      0.      0.      0.      0.      0.      0.      0.      0.      0.
  0.      0.      0.      0.      0.      0.      0.      0.      0.      0.
  0.      0.      0.      0.      0.      0.      0.      0.      0.      0.
  0.      0.      0.      0.      0.      0.      0.      0.      0.      0.
  0.      0.      0.      0.      0.      0.      0.      0.      0.      0.
  0.      0.      0.      0.      0.      0.      0.      0.      0.      0.
  0.      0.      0.      0.      0.      0.      0.      0.      0.      0.
  0.      0.      0.      0.      0.      0.      0.      0.      0.      0.
  0.      0.      0.      0.      0.      0.      0.      0.      0.      0.
  0.      0.      0.      0.      0.      0.      0.      0.      0.      0.
  0.      0.      0.      0.      0.      0.      0.      0.      0.      0.
  0.      0.      0.      0.      0.      0.      0.      0.      0.      0.
  0.      0.      0.      0.      0.      0.      0.      0.      0.      0.
  0.      0.      0.      0.      0.      0.      0.      0.      0.      0.
  0.      0.      0.      0.      0.      0.      0.      0.      0.      0.
  0.      0.      0.      0.      0.      0.      0.      0.      0.      0.
  0.      0.      0.      0.      0.      0.      0.      0.      0.      0.
  0.      0.      0.      0.      0.      0.      0.      0.      0.      0.
  0.      0.      0.      0.      0.      0.      0.      0.      0.      0.
  0.      0.      0.      0.      0.      0.      0.      0.      0.      0.
  0.      0.      0.      0.      0.      0.      0.      0.      0.      0.
  0.      0.      0.      0.      0.      0.    ]
Book 3
General Statistics
------------------
[3, 'Pro', 33]
Max number of links: 8.0
Average links: 3.78378378378
[3, 'Pro', 1]
Max linked number: 18.0
Average linked: 0.376344086022
[3, 'Pro', 8]
Maximum length text: 3254
Top 10 Words in Statement
------------------
circle 49
straight 43
line 27
equal 23
point 22
if 20
center 19
one 18
it 16
lines 16
Top 10 Words in Text
------------------
angle 293
equals 228
therefore 208
circle 189
straight 176
at 144
equal 127
line 124
center 115
it 112
Text based K Means Cluster
-----------------------------
Category 0
[7]
Category 1
[15, 30, 32]
Category 2
[13, 34, 35]
Category 3
[21]
Category 4
[0, 1, 2, 3, 4, 5, 6, 8, 9, 10, 11, 12, 14, 16, 17, 18, 19, 20, 22, 23, 24, 25, 26, 27, 28, 29, 31, 33, 36]
Links based K Means Cluster
-----------------------------
Category 0
[0, 1, 2, 3, 4, 5, 6, 7, 8, 9, 10, 11, 12, 13, 14, 15, 16, 17, 18, 19, 20, 21, 22, 23, 24, 25, 26, 27, 28, 29, 30, 31, 32, 33, 34, 35, 38, 39, 40, 41, 42, 44, 62, 63, 64, 65, 66, 67, 68, 69, 70, 71, 72, 73, 74, 76, 77, 78, 79, 80, 82, 84, 85, 86, 87, 88, 89, 90, 91, 94, 95, 98, 99, 102, 103, 104, 105, 107, 109, 111, 112, 114, 115, 116, 117, 118, 119, 120, 121, 122, 123, 124, 125, 126, 127, 128, 129, 130, 131, 132, 133, 134, 135, 136, 137, 138, 139, 140, 141, 142, 143, 148, 150, 151, 152, 153, 154, 155, 156, 158, 160, 161, 162, 163, 164, 165, 166, 167, 168, 169, 170, 172, 173, 174, 175, 176, 177, 178, 179, 180, 181, 182, 183, 184, 185, 186, 187, 188, 189, 190, 191, 192, 193, 194, 195, 196, 197, 198, 199, 200, 201, 202, 203, 204, 205, 206, 207, 208, 209, 210, 211, 212, 213, 214, 215, 216, 217, 218, 219, 220, 221, 222, 223, 224, 225, 226, 227, 228, 229, 230, 231, 232, 233, 234, 235, 236, 237, 238, 239, 240, 241, 242, 243, 244, 245, 246, 247, 248, 249, 250, 251, 252, 253, 254, 255, 256, 257, 258, 259, 260, 261, 262, 263, 264, 265, 266, 267, 268, 269, 270, 271, 272, 273, 274]
Category 1
[36, 37, 43, 45, 46, 48, 49, 50, 51, 52, 53, 54, 55, 106, 149]
Category 2
[47, 56, 57, 58, 59, 60, 61, 75, 96, 97, 110]
Category 3
[81, 83, 92, 93, 100, 101, 108, 113, 144, 145, 146, 147, 157, 159, 171]
Category 4
[]
Singular Value Decomposition
----------------------------
[ 5.3443  4.1545  3.3555  3.1531  2.9863  2.6127  2.5273  2.4081  2.2825
  2.071   1.8735  1.8292  1.7321  1.6734  1.644   1.6335  1.4302  1.3355
  1.257   1.2067  1.1741  1.1225  1.0428  1.0064  1.      0.9913  0.9093
  0.8629  0.7864  0.7042  0.679   0.5362  0.4575  0.4339  0.3221  0.      0.    ]
[-0.     -0.     -0.      0.     -0.      0.      0.      0.      0.
 -0.3987 -0.     -0.      0.     -0.     -0.6329  0.      0.     -0.      0.
 -0.     -0.     -0.      0.     -0.     -0.      0.     -0.     -0.      0.
 -0.      0.      0.     -0.      0.      0.     -0.1709 -1.6036 -0.571
 -0.2105  0.     -0.9877  0.     -1.2795 -1.6735 -1.194   0.      0.      0.
 -0.1994 -0.325   0.     -0.4737 -0.9067 -0.2789  0.     -1.0351 -0.5948
  0.     -0.2769  0.      0.      0.      0.      0.     -0.1571  0.      0.
  0.      0.      0.      0.      0.      0.      0.      0.      0.      0.
  0.      0.     -0.6485  0.      0.      0.      0.      0.      0.      0.
 -0.2246 -0.1993  0.      0.      0.      0.      0.      0.      0.      0.
  0.      0.     -0.1388 -0.2246 -0.1709  0.      0.      0.      0.      0.
 -0.0702 -3.5474 -0.1388 -0.8008  0.     -0.2359  0.      0.      0.
 -0.2105 -0.     -0.1388  0.      0.     -0.1709  0.     -0.7771 -0.2791
 -0.4961 -0.0846 -0.183  -0.0057 -0.1259 -0.     -0.0607  0.     -0.1645
 -0.1869 -0.1653  0.      0.     -0.3747 -0.3483  0.      0.      0.
 -0.2209  0.      0.      0.      0.      0.      0.      0.      0.      0.
  0.      0.      0.      0.      0.      0.      0.      0.      0.      0.
  0.      0.      0.      0.      0.      0.      0.      0.      0.      0.
  0.      0.      0.      0.      0.      0.      0.      0.      0.      0.
  0.      0.      0.      0.      0.      0.      0.      0.      0.      0.
  0.      0.      0.      0.      0.      0.      0.      0.      0.      0.
  0.      0.      0.      0.      0.      0.      0.      0.      0.      0.
  0.      0.      0.      0.      0.      0.      0.      0.      0.      0.
  0.      0.      0.      0.      0.      0.      0.      0.      0.      0.
  0.      0.      0.      0.      0.      0.      0.      0.      0.      0.
  0.      0.      0.      0.      0.      0.      0.      0.      0.      0.
  0.      0.      0.      0.      0.      0.      0.      0.      0.      0.
  0.      0.      0.      0.      0.      0.      0.      0.      0.      0.
  0.      0.      0.      0.      0.      0.      0.      0.      0.      0.
  0.      0.      0.      0.      0.      0.      0.      0.      0.      0.
  0.      0.      0.      0.      0.      0.      0.      0.      0.      0.
  0.      0.      0.      0.      0.      0.      0.      0.      0.      0.
  0.      0.      0.      0.      0.      0.      0.      0.      0.      0.
  0.      0.      0.      0.      0.      0.      0.      0.      0.      0.
  0.      0.      0.      0.      0.      0.      0.      0.      0.      0.
  0.      0.      0.      0.      0.      0.      0.      0.      0.      0.
  0.      0.      0.      0.      0.      0.      0.      0.      0.      0.
  0.      0.      0.      0.      0.      0.      0.      0.      0.    ]
[-0.      0.      0.     -0.     -0.      0.      0.      0.      0.
  0.0796 -0.     -0.      0.      0.      0.3222 -0.      0.     -0.      0.
 -0.     -0.     -0.      0.     -0.     -0.      0.      0.     -0.      0.
 -0.      0.      0.     -0.     -0.     -0.     -0.1769 -1.5987  0.5496
 -0.389   0.      0.4527  0.     -1.2173 -1.8214  0.0858  0.      0.      0.
  0.2119  0.2762  0.      0.4474 -0.2943 -0.1029  0.     -1.2978 -0.4933
  0.      0.1425  0.      0.      0.      0.      0.     -0.1103  0.      0.
  0.      0.      0.      0.      0.      0.      0.      0.      0.      0.
  0.      0.      0.6823  0.      0.      0.      0.      0.      0.      0.
  0.2231  0.2361  0.      0.      0.      0.      0.      0.      0.      0.
  0.      0.      0.1411  0.2231 -0.1769  0.      0.      0.      0.      0.
 -0.0977  2.0115  0.1411  0.848   0.     -0.0632  0.      0.      0.     -0.389
 -0.      0.1411  0.      0.     -0.1769  0.     -0.38    0.0461  0.2971
 -0.1629  0.0561 -0.0068 -0.129  -0.     -0.1043  0.      0.1516  0.0254
 -0.2852  0.      0.     -0.5886 -0.5288  0.      0.      0.      0.1493
  0.      0.      0.      0.      0.      0.      0.      0.      0.      0.
  0.      0.      0.      0.      0.      0.      0.      0.      0.      0.
  0.      0.      0.      0.      0.      0.      0.      0.      0.      0.
  0.      0.      0.      0.      0.      0.      0.      0.      0.      0.
  0.      0.      0.      0.      0.      0.      0.      0.      0.      0.
  0.      0.      0.      0.      0.      0.      0.      0.      0.      0.
  0.      0.      0.      0.      0.      0.      0.      0.      0.      0.
  0.      0.      0.      0.      0.      0.      0.      0.      0.      0.
  0.      0.      0.      0.      0.      0.      0.      0.      0.      0.
  0.      0.      0.      0.      0.      0.      0.      0.      0.      0.
  0.      0.      0.      0.      0.      0.      0.      0.      0.      0.
  0.      0.      0.      0.      0.      0.      0.      0.      0.      0.
  0.      0.      0.      0.      0.      0.      0.      0.      0.      0.
  0.      0.      0.      0.      0.      0.      0.      0.      0.      0.
  0.      0.      0.      0.      0.      0.      0.      0.      0.      0.
  0.      0.      0.      0.      0.      0.      0.      0.      0.      0.
  0.      0.      0.      0.      0.      0.      0.      0.      0.      0.
  0.      0.      0.      0.      0.      0.      0.      0.      0.      0.
  0.      0.      0.      0.      0.      0.      0.      0.      0.      0.
  0.      0.      0.      0.      0.      0.      0.      0.      0.      0.
  0.      0.      0.      0.      0.      0.      0.      0.      0.      0.
  0.      0.      0.      0.      0.      0.      0.      0.      0.      0.
  0.      0.      0.      0.      0.      0.      0.      0.    ]
[-0.      0.     -0.      0.     -0.     -0.      0.      0.     -0.
  0.8125  0.     -0.     -0.     -0.      1.2695 -0.      0.     -0.     -0.
  0.     -0.      0.      0.     -0.     -0.     -0.     -0.     -0.     -0.
 -0.     -0.      0.     -0.     -0.      0.     -0.1785 -0.6436  1.1182
  0.0397  0.      1.1107  0.      0.8615  0.8121 -0.4189  0.      0.      0.
  0.2492  0.3392  0.      0.3445 -1.0614 -0.3459  0.     -0.6621 -0.8062
  0.      0.3455  0.      0.      0.      0.      0.      0.655   0.      0.
  0.      0.      0.      0.      0.      0.      0.      0.      0.      0.
  0.      0.     -0.5192  0.      0.      0.      0.      0.      0.      0.
 -0.1871 -0.145   0.      0.      0.      0.      0.      0.      0.      0.
  0.      0.     -0.0454 -0.1871 -0.1785  0.      0.      0.      0.      0.
 -0.0499 -0.375  -0.0454 -0.6063  0.      0.1266  0.      0.      0.
  0.0397 -0.     -0.0454  0.      0.     -0.1785  0.      0.0956  0.0246
  0.013   0.2075 -0.0747  0.0638  0.4336 -0.     -0.0676  0.      0.0717
 -0.0993  0.1004  0.      0.      0.2282 -0.0394  0.      0.      0.
  0.0847  0.      0.      0.      0.      0.      0.      0.      0.      0.
  0.      0.      0.      0.      0.      0.      0.      0.      0.      0.
  0.      0.      0.      0.      0.      0.      0.      0.      0.      0.
  0.      0.      0.      0.      0.      0.      0.      0.      0.      0.
  0.      0.      0.      0.      0.      0.      0.      0.      0.      0.
  0.      0.      0.      0.      0.      0.      0.      0.      0.      0.
  0.      0.      0.      0.      0.      0.      0.      0.      0.      0.
  0.      0.      0.      0.      0.      0.      0.      0.      0.      0.
  0.      0.      0.      0.      0.      0.      0.      0.      0.      0.
  0.      0.      0.      0.      0.      0.      0.      0.      0.      0.
  0.      0.      0.      0.      0.      0.      0.      0.      0.      0.
  0.      0.      0.      0.      0.      0.      0.      0.      0.      0.
  0.      0.      0.      0.      0.      0.      0.      0.      0.      0.
  0.      0.      0.      0.      0.      0.      0.      0.      0.      0.
  0.      0.      0.      0.      0.      0.      0.      0.      0.      0.
  0.      0.      0.      0.      0.      0.      0.      0.      0.      0.
  0.      0.      0.      0.      0.      0.      0.      0.      0.      0.
  0.      0.      0.      0.      0.      0.      0.      0.      0.      0.
  0.      0.      0.      0.      0.      0.      0.      0.      0.      0.
  0.      0.      0.      0.      0.      0.      0.      0.      0.      0.
  0.      0.      0.      0.      0.      0.      0.      0.      0.      0.
  0.      0.      0.      0.      0.      0.      0.      0.      0.      0.
  0.      0.      0.      0.      0.      0.      0.      0.      0.    ]
Book 4
General Statistics
------------------
[4, 'Pro', 10]
Max number of links: 8.0
Average links: 5.125
[3, 'Pro', 16]
Max linked number: 7.0
Average linked: 0.220430107527
[4, 'Pro', 12]
Maximum length text: 3007
Top 10 Words in Statement
------------------
given 18
circle 16
equiangular 8
inscribe 8
triangle 7
circumscribe 6
equilateral 6
about 6
an 5
square 4
Top 10 Words in Text
------------------
angle 145
therefore 130
equals 115
circle 105
straight 82
angles 81
also 78
equal 66
it 61
lines 59
Text based K Means Cluster
-----------------------------
Category 0
[2]
Category 1
[12]
Category 2
[11]
Category 3
[0, 1, 3, 4, 5, 6, 7, 8, 10, 13, 14, 15]
Category 4
[9]
Links based K Means Cluster
-----------------------------
Category 0
[63, 64, 65, 69, 70, 71, 72, 73, 74, 75, 78, 79, 82, 89, 90, 96, 97, 98, 101, 104, 105, 110, 113]
Category 1
[0, 1, 2, 3, 4, 5, 6, 7, 8, 9, 10, 11, 12, 13, 14, 15, 16, 17, 18, 19, 20, 21, 22, 23, 24, 25, 26, 27, 28, 29, 30, 31, 32, 33, 34, 35, 36, 37, 38, 39, 40, 41, 42, 43, 44, 45, 46, 47, 48, 49, 50, 51, 52, 53, 54, 55, 56, 57, 58, 59, 60, 61, 62, 66, 67, 68, 76, 77, 80, 81, 83, 84, 85, 86, 87, 88, 91, 92, 93, 94, 95, 99, 100, 102, 103, 106, 107, 108, 109, 111, 112, 114, 115, 116, 117, 118, 119, 120, 121, 122, 123, 124, 125, 126, 127, 128, 129, 130, 131, 132, 133, 134, 135, 136, 137, 138, 139, 140, 141, 142, 143, 144, 145, 146, 147, 148, 149, 150, 151, 152, 153, 154, 155, 156, 157, 158, 159, 160, 161, 162, 163, 164, 165, 166, 167, 168, 169, 170, 171, 172, 173, 174, 175, 176, 177, 178, 179, 180, 181, 182, 183, 184, 185, 186, 187, 188, 189, 190, 191, 192, 193, 194, 195, 196, 197, 198, 199, 200, 201, 202, 203, 204, 205, 206, 207, 208, 209, 210, 211, 212, 213, 214, 215, 216, 217, 218, 219, 220, 221, 222, 223, 224, 225, 226, 227, 228, 229, 230, 231, 232, 233, 234, 235, 236, 237, 238, 239, 240, 241, 242, 243, 244, 245, 246, 247, 248, 249, 250, 251, 252, 253, 254, 255, 256, 257, 258, 259, 260, 261, 262, 263, 264, 265, 266, 267, 268, 269, 270, 271, 272, 273, 274]
Category 2
[]
Category 3
[]
Category 4
[]
Singular Value Decomposition
----------------------------
[ 4.3546  3.2674  2.9477  2.8605  2.5287  2.3896  2.0834  1.9675  1.8106
  1.7149  1.5451  1.4142  1.2407  1.1428  0.9823  0.8699]
[ 0.      0.      0.     -0.     -0.      0.      0.      0.      0.      0.
  0.     -0.      0.     -0.     -0.      0.      0.      0.      0.      0.
  0.      0.      0.      0.      0.      0.      0.      0.      0.      0.
  0.      0.      0.      0.      0.      0.     -0.4979 -0.5204 -0.2604
  0.     -0.5012 -0.7244 -0.2436 -0.6216 -0.5046 -0.8029  0.     -0.355   0.
  0.      0.      0.      0.      0.      0.     -0.7019  0.      0.
 -0.9656  0.     -0.3827  0.     -0.3827 -0.1677 -1.2223  0.     -0.5504
  0.      0.      0.      0.      0.      0.      0.      0.      0.      0.
  0.      0.     -0.461   0.      0.      0.      0.      0.      0.      0.
  0.      0.      0.      0.      0.      0.     -0.1654  0.      0.      0.
  0.      0.      0.      0.      0.      0.      0.      0.      0.      0.
  0.     -1.8097  0.      0.      0.      0.      0.      0.      0.      0.
  0.      0.      0.      0.      0.      0.     -2.2179  0.     -1.2916
  0.      0.      0.      0.      0.      0.      0.     -0.5199 -0.9809
  0.     -0.5199 -0.0529 -0.1631 -0.4194  0.      0.      0.      0.
 -0.1654  0.     -0.2539  0.     -0.448  -0.2457 -0.0759  0.     -0.2183
 -0.2179  0.      0.     -0.1654  0.      0.      0.      0.     -0.165
 -0.5139  0.     -0.0548  0.      0.      0.      0.      0.      0.      0.
  0.      0.      0.      0.      0.      0.      0.      0.      0.      0.
  0.      0.      0.      0.      0.      0.      0.      0.      0.      0.
  0.      0.      0.      0.      0.      0.      0.      0.      0.      0.
  0.      0.      0.      0.      0.      0.      0.      0.      0.      0.
  0.      0.      0.      0.      0.      0.      0.      0.      0.      0.
  0.      0.      0.      0.      0.      0.      0.      0.      0.      0.
  0.      0.      0.      0.      0.      0.      0.      0.      0.      0.
  0.      0.      0.      0.      0.      0.      0.      0.      0.      0.
  0.      0.      0.      0.      0.      0.      0.      0.      0.      0.
  0.      0.      0.      0.      0.      0.      0.      0.      0.      0.
  0.      0.      0.      0.      0.      0.      0.      0.      0.      0.
  0.      0.      0.      0.      0.      0.      0.      0.      0.      0.
  0.      0.      0.      0.      0.      0.      0.      0.      0.      0.
  0.      0.      0.      0.      0.      0.      0.      0.      0.      0.
  0.      0.      0.      0.      0.      0.      0.      0.      0.      0.
  0.      0.      0.      0.      0.      0.      0.      0.      0.      0.
  0.      0.      0.      0.      0.      0.      0.      0.      0.      0.
  0.      0.      0.      0.      0.      0.      0.      0.      0.      0.
  0.      0.      0.      0.      0.      0.      0.      0.      0.      0.
  0.      0.      0.      0.      0.      0.      0.      0.      0.      0.    ]
[ 0.     -0.      0.      0.     -0.     -0.     -0.      0.      0.      0.
  0.     -0.      0.     -0.     -0.      0.      0.      0.      0.      0.
  0.      0.      0.      0.      0.      0.      0.      0.      0.      0.
  0.      0.      0.      0.      0.      0.      0.5502 -1.0891 -0.6513
  0.      0.1328  0.3646  0.3237  0.5012  0.5861 -0.6012  0.     -0.516   0.
  0.      0.      0.      0.      0.      0.     -0.2105  0.      0.
  0.7676  0.      0.2567  0.      0.2567  0.1816 -1.2997  0.      0.4383
  0.      0.      0.      0.      0.      0.      0.      0.      0.      0.
  0.      0.      0.1814  0.      0.      0.      0.      0.      0.      0.
  0.      0.      0.      0.      0.      0.     -0.5731  0.      0.      0.
  0.      0.      0.      0.      0.      0.      0.      0.      0.      0.
  0.     -0.0607  0.      0.      0.      0.      0.      0.      0.      0.
  0.      0.      0.      0.      0.      0.      0.9953  0.      0.3529
  0.      0.      0.      0.      0.      0.      0.     -0.708  -0.5266
  0.     -0.708  -0.0874  0.1024 -0.6985  0.      0.      0.      0.
 -0.5731  0.     -0.1254  0.     -0.0851  0.2804  0.1421  0.     -0.6605
 -0.2794  0.      0.     -0.5731  0.      0.      0.      0.     -0.192
  0.094   0.     -0.0296  0.      0.      0.      0.      0.      0.      0.
  0.      0.      0.      0.      0.      0.      0.      0.      0.      0.
  0.      0.      0.      0.      0.      0.      0.      0.      0.      0.
  0.      0.      0.      0.      0.      0.      0.      0.      0.      0.
  0.      0.      0.      0.      0.      0.      0.      0.      0.      0.
  0.      0.      0.      0.      0.      0.      0.      0.      0.      0.
  0.      0.      0.      0.      0.      0.      0.      0.      0.      0.
  0.      0.      0.      0.      0.      0.      0.      0.      0.      0.
  0.      0.      0.      0.      0.      0.      0.      0.      0.      0.
  0.      0.      0.      0.      0.      0.      0.      0.      0.      0.
  0.      0.      0.      0.      0.      0.      0.      0.      0.      0.
  0.      0.      0.      0.      0.      0.      0.      0.      0.      0.
  0.      0.      0.      0.      0.      0.      0.      0.      0.      0.
  0.      0.      0.      0.      0.      0.      0.      0.      0.      0.
  0.      0.      0.      0.      0.      0.      0.      0.      0.      0.
  0.      0.      0.      0.      0.      0.      0.      0.      0.      0.
  0.      0.      0.      0.      0.      0.      0.      0.      0.      0.
  0.      0.      0.      0.      0.      0.      0.      0.      0.      0.
  0.      0.      0.      0.      0.      0.      0.      0.      0.      0.
  0.      0.      0.      0.      0.      0.      0.      0.      0.      0.
  0.      0.      0.      0.      0.      0.      0.      0.      0.      0.    ]
[ 0.     -0.      0.     -0.      0.     -0.     -0.      0.      0.      0.
  0.     -0.      0.     -0.     -0.      0.      0.      0.      0.      0.
  0.      0.      0.      0.      0.      0.      0.      0.      0.      0.
  0.      0.      0.      0.      0.      0.     -0.1587 -0.0529 -0.2085
  0.     -0.1001 -1.5674  0.1699  0.5699 -0.7708  0.2149  0.     -0.1108
  0.      0.      0.      0.      0.      0.      0.      0.4879  0.      0.
 -0.8354  0.      0.357   0.      0.357   0.0943  0.4351  0.      0.4513
  0.      0.      0.      0.      0.      0.      0.      0.      0.      0.
  0.      0.     -0.0646  0.      0.      0.      0.      0.      0.      0.
  0.      0.      0.      0.      0.      0.      0.058   0.      0.      0.
  0.      0.      0.      0.      0.      0.      0.      0.      0.      0.
  0.      0.6447  0.      0.      0.      0.      0.      0.      0.      0.
  0.      0.      0.      0.      0.      0.      0.1038  0.      0.6182
  0.      0.      0.      0.      0.      0.      0.     -0.6764 -0.741   0.
 -0.6764 -0.122   0.1373  0.2201  0.      0.      0.      0.      0.058   0.
  0.1622  0.      0.3257 -0.3993  0.0756  0.     -0.0641 -0.6876  0.      0.
  0.058   0.      0.      0.      0.     -0.5656 -0.1866  0.     -0.231   0.
  0.      0.      0.      0.      0.      0.      0.      0.      0.      0.
  0.      0.      0.      0.      0.      0.      0.      0.      0.      0.
  0.      0.      0.      0.      0.      0.      0.      0.      0.      0.
  0.      0.      0.      0.      0.      0.      0.      0.      0.      0.
  0.      0.      0.      0.      0.      0.      0.      0.      0.      0.
  0.      0.      0.      0.      0.      0.      0.      0.      0.      0.
  0.      0.      0.      0.      0.      0.      0.      0.      0.      0.
  0.      0.      0.      0.      0.      0.      0.      0.      0.      0.
  0.      0.      0.      0.      0.      0.      0.      0.      0.      0.
  0.      0.      0.      0.      0.      0.      0.      0.      0.      0.
  0.      0.      0.      0.      0.      0.      0.      0.      0.      0.
  0.      0.      0.      0.      0.      0.      0.      0.      0.      0.
  0.      0.      0.      0.      0.      0.      0.      0.      0.      0.
  0.      0.      0.      0.      0.      0.      0.      0.      0.      0.
  0.      0.      0.      0.      0.      0.      0.      0.      0.      0.
  0.      0.      0.      0.      0.      0.      0.      0.      0.      0.
  0.      0.      0.      0.      0.      0.      0.      0.      0.      0.
  0.      0.      0.      0.      0.      0.      0.      0.      0.      0.
  0.      0.      0.      0.      0.      0.      0.      0.      0.      0.
  0.      0.      0.      0.      0.      0.      0.      0.      0.      0.
  0.      0.      0.      0.      0.      0.    ]
Book 5
General Statistics
------------------
[5, 'Pro', 23]
Max number of links: 6.0
Average links: 2.76
[5, 'Def', 5]
Max linked number: 10.0
Average linked: 0.185483870968
[5, 'Pro', 8]
Maximum length text: 2999
Top 10 Words in Statement
------------------
same 39
if 28
are 27
ratio 25
magnitudes 21
then 20
has 19
also 17
greater 15
fourth 15
Top 10 Words in Text
------------------
c 156
that 152
same 145
as 138
therefore 136
f 132
b 129
d 128
e 111
if 97
Text based K Means Cluster
-----------------------------
Category 0
[0, 24]
Category 1
[4, 16, 17, 18]
Category 2
[7]
Category 3
[5]
Category 4
[1, 2, 3, 6, 8, 9, 10, 11, 12, 13, 14, 15, 19, 20, 21, 22, 23]
Links based K Means Cluster
-----------------------------
Category 0
[0, 1, 2, 3, 4, 5, 6, 7, 8, 9, 10, 11, 12, 13, 14, 15, 16, 17, 18, 19, 20, 21, 22, 23, 24, 25, 26, 27, 28, 29, 30, 31, 32, 33, 34, 35, 36, 37, 38, 39, 40, 41, 42, 43, 44, 45, 46, 47, 48, 49, 50, 51, 52, 53, 54, 55, 56, 57, 58, 59, 60, 61, 62, 63, 64, 65, 66, 67, 68, 69, 70, 71, 72, 73, 74, 75, 76, 77, 79, 80, 81, 82, 83, 84, 85, 86, 87, 88, 89, 90, 91, 92, 93, 95, 96, 97, 99, 103, 104, 107, 108, 109, 112, 113, 114, 115, 116, 117, 118, 119, 120, 121, 122, 123, 124, 125, 126, 127, 128, 129, 130, 131, 132, 133, 134, 135, 136, 137, 138, 139, 140, 141, 142, 143, 144, 145, 146, 147, 148, 149, 150, 151, 152, 153, 154, 155, 156, 157, 158, 159, 160, 161, 162, 163, 164, 165, 166, 167, 168, 169, 170, 171, 172, 173, 174, 175, 176, 177, 178, 179, 180, 181, 182, 183, 184, 185, 186, 187, 188, 189, 190, 191, 192, 193, 194, 195, 196, 197, 198, 199, 200, 201, 202, 203, 204, 205, 206, 207, 208, 209, 210, 211, 212, 213, 214, 215, 216, 217, 218, 219, 220, 221, 222, 223, 224, 225, 226, 227, 228, 229, 230, 231, 232, 233, 234, 235, 236, 237, 238, 239, 240, 241, 242, 243, 244, 245, 246, 247, 248, 249, 250, 251, 252, 253, 254, 255, 256, 257, 258, 259, 260, 261, 262, 263, 264, 265, 266, 267, 268, 269, 270, 271, 272, 273, 274]
Category 1
[78, 94, 98, 100, 101, 102, 105, 106, 110, 111]
Category 2
[]
Category 3
[]
Category 4
[]
Singular Value Decomposition
----------------------------
[ 3.9284  3.5401  2.6688  2.4622  2.1133  1.9421  1.9159  1.6571  1.6004
  1.4436  1.2816  1.1973  1.166   1.122   1.0354  0.8677  0.6689  0.4873
  0.4459  0.3842  0.      0.      0.      0.      0.    ]
[ 0.      0.      0.      0.      0.      0.      0.      0.      0.      0.
  0.     -0.      0.      0.      0.     -0.      0.      0.     -0.     -0.
 -0.     -0.      0.      0.      0.      0.      0.      0.      0.      0.
  0.      0.      0.      0.      0.      0.      0.      0.      0.      0.
  0.      0.      0.      0.      0.      0.      0.      0.      0.      0.
  0.      0.      0.      0.      0.      0.      0.      0.      0.      0.
  0.      0.      0.      0.      0.      0.      0.      0.      0.      0.
  0.      0.      0.      0.      0.      0.      0.      0.      0.      0.
  0.      0.      0.      0.      0.      0.      0.      0.      0.      0.
  0.      0.      0.      0.      0.      0.      0.      0.      0.      0.
  0.      0.      0.      0.      0.      0.      0.      0.      0.      0.
  0.      0.      0.      0.      0.      0.      0.      0.      0.      0.
  0.      0.      0.      0.      0.      0.      0.      0.      0.      0.
  0.      0.      0.      0.      0.      0.      0.      0.      0.      0.
  0.      0.      0.      0.      0.      0.      0.      0.      0.      0.
  0.      0.      0.      0.      0.      0.      0.      0.      0.      0.
  0.      0.      0.      0.      0.      0.      0.      0.      0.
 -0.0285  0.     -0.0601 -2.655   0.     -0.2482  0.      0.      0.      0.
 -0.3996  0.     -0.5525 -0.5525  0.     -0.2136 -0.6491 -0.6191 -0.3545
 -0.184  -0.2136  0.      0.     -0.98   -0.6158  0.     -0.4725 -1.6243
 -0.0679 -0.4725 -0.6453 -0.842  -0.6146 -0.4179 -0.073  -0.3644 -0.2136
 -0.4424 -0.073   0.      0.      0.      0.      0.      0.      0.      0.
  0.      0.      0.      0.      0.      0.      0.      0.      0.      0.
  0.      0.      0.      0.      0.      0.      0.      0.      0.      0.
  0.      0.      0.      0.      0.      0.      0.      0.      0.      0.
  0.      0.      0.      0.      0.      0.      0.      0.      0.      0.
  0.      0.      0.      0.      0.      0.      0.      0.      0.      0.
  0.      0.      0.      0.      0.      0.      0.      0.      0.      0.
  0.      0.      0.      0.      0.      0.      0.      0.      0.      0.
  0.      0.      0.      0.      0.      0.      0.      0.      0.      0.
  0.      0.      0.      0.      0.      0.      0.      0.      0.      0.
  0.      0.      0.      0.      0.      0.      0.      0.      0.      0.
  0.      0.      0.      0.      0.      0.      0.      0.      0.      0.
  0.      0.      0.      0.      0.      0.      0.      0.      0.      0.
  0.      0.      0.      0.      0.      0.      0.      0.      0.      0.
  0.      0.      0.      0.      0.      0.      0.      0.      0.      0.
  0.      0.      0.      0.      0.      0.      0.      0.      0.      0.
  0.      0.      0.      0.      0.      0.    ]
[ 0.     -0.      0.      0.      0.     -0.      0.      0.      0.      0.
  0.     -0.      0.     -0.      0.      0.      0.      0.     -0.      0.
 -0.      0.     -0.      0.      0.      0.      0.      0.      0.      0.
  0.      0.      0.      0.      0.      0.      0.      0.      0.      0.
  0.      0.      0.      0.      0.      0.      0.      0.      0.      0.
  0.      0.      0.      0.      0.      0.      0.      0.      0.      0.
  0.      0.      0.      0.      0.      0.      0.      0.      0.      0.
  0.      0.      0.      0.      0.      0.      0.      0.      0.      0.
  0.      0.      0.      0.      0.      0.      0.      0.      0.      0.
  0.      0.      0.      0.      0.      0.      0.      0.      0.      0.
  0.      0.      0.      0.      0.      0.      0.      0.      0.      0.
  0.      0.      0.      0.      0.      0.      0.      0.      0.      0.
  0.      0.      0.      0.      0.      0.      0.      0.      0.      0.
  0.      0.      0.      0.      0.      0.      0.      0.      0.      0.
  0.      0.      0.      0.      0.      0.      0.      0.      0.      0.
  0.      0.      0.      0.      0.      0.      0.      0.      0.      0.
  0.      0.      0.      0.      0.      0.      0.      0.      0.
 -0.0197  0.     -0.038  -0.912   0.     -0.1204  0.      0.      0.      0.
 -0.1656  0.     -0.2704 -0.2704  0.     -0.0957  0.4325 -0.3177 -0.1878
 -0.0791 -0.0957  0.      0.      1.6935  1.8888  0.      1.4522 -0.4323
  0.1469  1.4522 -0.2797 -0.2852 -0.1829 -0.1773  0.1608  0.0303 -0.0957
 -0.1197  0.1608  0.      0.      0.      0.      0.      0.      0.      0.
  0.      0.      0.      0.      0.      0.      0.      0.      0.      0.
  0.      0.      0.      0.      0.      0.      0.      0.      0.      0.
  0.      0.      0.      0.      0.      0.      0.      0.      0.      0.
  0.      0.      0.      0.      0.      0.      0.      0.      0.      0.
  0.      0.      0.      0.      0.      0.      0.      0.      0.      0.
  0.      0.      0.      0.      0.      0.      0.      0.      0.      0.
  0.      0.      0.      0.      0.      0.      0.      0.      0.      0.
  0.      0.      0.      0.      0.      0.      0.      0.      0.      0.
  0.      0.      0.      0.      0.      0.      0.      0.      0.      0.
  0.      0.      0.      0.      0.      0.      0.      0.      0.      0.
  0.      0.      0.      0.      0.      0.      0.      0.      0.      0.
  0.      0.      0.      0.      0.      0.      0.      0.      0.      0.
  0.      0.      0.      0.      0.      0.      0.      0.      0.      0.
  0.      0.      0.      0.      0.      0.      0.      0.      0.      0.
  0.      0.      0.      0.      0.      0.      0.      0.      0.      0.
  0.      0.      0.      0.      0.      0.    ]
[ 0.      0.      0.     -0.      0.      0.     -0.     -0.      0.      0.
 -0.      0.      0.     -0.      0.      0.      0.      0.     -0.     -0.
 -0.      0.      0.      0.      0.      0.      0.      0.      0.      0.
  0.      0.      0.      0.      0.      0.      0.      0.      0.      0.
  0.      0.      0.      0.      0.      0.      0.      0.      0.      0.
  0.      0.      0.      0.      0.      0.      0.      0.      0.      0.
  0.      0.      0.      0.      0.      0.      0.      0.      0.      0.
  0.      0.      0.      0.      0.      0.      0.      0.      0.      0.
  0.      0.      0.      0.      0.      0.      0.      0.      0.      0.
  0.      0.      0.      0.      0.      0.      0.      0.      0.      0.
  0.      0.      0.      0.      0.      0.      0.      0.      0.      0.
  0.      0.      0.      0.      0.      0.      0.      0.      0.      0.
  0.      0.      0.      0.      0.      0.      0.      0.      0.      0.
  0.      0.      0.      0.      0.      0.      0.      0.      0.      0.
  0.      0.      0.      0.      0.      0.      0.      0.      0.      0.
  0.      0.      0.      0.      0.      0.      0.      0.      0.      0.
  0.      0.      0.      0.      0.      0.      0.      0.      0.
  0.1346  0.      0.2571  1.0847  0.      0.4763  0.      0.      0.      0.
 -0.2335  0.     -0.0148 -0.0148  0.      0.2631 -0.2929  1.0979  0.5549
  0.1772  0.2631  0.      0.      0.0254  0.1086  0.      0.0746 -1.3606
  0.0041  0.0746 -0.6285 -0.5251 -0.6912 -0.7947  0.005  -0.0409  0.2631
 -0.2916  0.005   0.      0.      0.      0.      0.      0.      0.      0.
  0.      0.      0.      0.      0.      0.      0.      0.      0.      0.
  0.      0.      0.      0.      0.      0.      0.      0.      0.      0.
  0.      0.      0.      0.      0.      0.      0.      0.      0.      0.
  0.      0.      0.      0.      0.      0.      0.      0.      0.      0.
  0.      0.      0.      0.      0.      0.      0.      0.      0.      0.
  0.      0.      0.      0.      0.      0.      0.      0.      0.      0.
  0.      0.      0.      0.      0.      0.      0.      0.      0.      0.
  0.      0.      0.      0.      0.      0.      0.      0.      0.      0.
  0.      0.      0.      0.      0.      0.      0.      0.      0.      0.
  0.      0.      0.      0.      0.      0.      0.      0.      0.      0.
  0.      0.      0.      0.      0.      0.      0.      0.      0.      0.
  0.      0.      0.      0.      0.      0.      0.      0.      0.      0.
  0.      0.      0.      0.      0.      0.      0.      0.      0.      0.
  0.      0.      0.      0.      0.      0.      0.      0.      0.      0.
  0.      0.      0.      0.      0.      0.      0.      0.      0.      0.
  0.      0.      0.      0.      0.      0.    ]
Book 6
General Statistics
------------------
[6, 'Pro', 20]
Max number of links: 10.0
Average links: 5.57575757576
[5, 'Pro', 11]
Max linked number: 17.0
Average linked: 0.494623655914
[6, 'Pro', 20]
Maximum length text: 4345
Top 10 Words in Statement
------------------
are 32
straight 24
sides 24
equal 23
one 18
proportional 18
given 18
similar 18
triangles 17
then 16
Top 10 Words in Text
------------------
angle 293
therefore 260
triangle 204
as 203
equals 184
equal 134
ab 132
also 112
that 109
bc 94
Text based K Means Cluster
-----------------------------
Category 0
[26]
Category 1
[0, 1, 2, 3, 4, 5, 6, 7, 8, 9, 10, 11, 12, 13, 14, 15, 16, 17, 18, 20, 21, 22, 23, 24, 27, 28, 29, 30, 31, 32]
Category 2
[25]
Category 3
[19]
Category 4
[]
Links based K Means Cluster
-----------------------------
Category 0
[114]
Category 1
[0, 1, 2, 3, 4, 5, 6, 7, 8, 9, 10, 11, 12, 13, 14, 15, 16, 17, 18, 19, 20, 21, 22, 23, 24, 25, 26, 27, 28, 29, 30, 31, 32, 33, 34, 35, 36, 37, 38, 39, 40, 41, 42, 43, 44, 45, 46, 47, 48, 49, 50, 51, 52, 53, 54, 55, 56, 57, 58, 59, 60, 61, 62, 63, 64, 65, 66, 67, 68, 69, 70, 71, 72, 73, 74, 75, 76, 77, 78, 79, 80, 81, 82, 83, 84, 85, 86, 87, 88, 89, 90, 91, 92, 93, 94, 95, 96, 97, 98, 99, 100, 101, 102, 103, 104, 105, 106, 107, 108, 109, 110, 111, 112, 113, 115, 116, 117, 119, 120, 122, 123, 124, 128, 129, 132, 133, 134, 135, 138, 141, 142, 143, 144, 145, 146, 147, 148, 149, 150, 151, 152, 153, 154, 155, 156, 157, 158, 159, 160, 161, 162, 163, 165, 166, 167, 168, 169, 170, 171, 173, 174, 175, 176, 177, 178, 179, 180, 181, 182, 183, 184, 185, 186, 187, 188, 189, 190, 191, 192, 193, 194, 195, 196, 197, 198, 199, 200, 201, 202, 203, 204, 205, 206, 207, 208, 209, 210, 211, 212, 213, 214, 215, 216, 217, 218, 219, 220, 221, 222, 223, 224, 225, 226, 227, 228, 229, 230, 231, 232, 233, 234, 235, 236, 237, 238, 239, 240, 241, 242, 243, 244, 245, 246, 247, 248, 249, 250, 251, 252, 253, 254, 255, 256, 257, 258, 259, 260, 261, 262, 263, 264, 265, 266, 267, 268, 269, 270, 271, 272, 273, 274]
Category 2
[118, 121, 125, 126, 127, 130, 131, 136, 137, 139, 140, 164, 172]
Category 3
[]
Category 4
[]
Singular Value Decomposition
----------------------------
[ 6.5378  4.6871  3.7154  3.627   3.4393  2.9629  2.8591  2.671   2.4352
  2.332   2.2225  2.1813  2.0656  1.9538  1.8337  1.7784  1.7695  1.6307
  1.5956  1.4358  1.3471  1.3046  1.1846  1.0859  1.0263  0.9225  0.8312
  0.8069  0.6429  0.5791  0.3992  0.2936  0.    ]
[ 0.     -0.      0.      0.     -0.     -0.     -0.     -0.      0.      0.
  0.      0.      0.      0.      0.      0.     -0.     -0.     -0.     -0.
 -0.      0.     -0.     -0.     -0.      0.      0.      0.1469  0.      0.
  0.      0.      0.      0.      0.      0.7161  0.485   0.5351  0.2789
  0.      0.2454  0.0157  0.      0.1128  0.0416  0.2562  0.824   0.      0.
  0.4032  0.      0.      0.      0.      0.      0.9723  0.      0.      0.
  0.      0.1469  0.4691  0.      1.5389  1.4363  0.      0.2619  0.      0.028
  0.2413  0.1215  0.2413  0.      0.1215  0.      0.0123  0.1925  0.1925
  0.0577  0.      0.      0.      0.      0.      0.      0.      0.      0.
  0.      0.      0.      0.      0.      0.      0.      0.      0.      0.
  0.      0.      0.      0.      0.      0.      0.      0.      0.      0.
  0.      0.      0.      0.      0.      0.      0.      0.      0.      0.
  0.      0.      0.      0.      0.      0.      0.      0.      0.
  0.0112  0.      0.      0.      0.      0.      0.      0.0112  0.      0.
  0.      0.0038  0.      0.      0.      0.      0.      0.      0.      0.
  0.      0.      0.      0.      0.      0.      0.      0.      0.      0.
  0.      0.      0.      0.      0.      0.      0.      0.      0.      0.
  0.      0.      0.      0.      0.      0.3252  0.      0.      0.
  0.2336  0.      0.2336  0.      0.      0.      0.      0.      0.      0.
  0.      0.      0.      0.      0.      0.      2.1267  0.      2.2088
  0.      3.7771  0.3001  0.      0.      0.1328  1.2217  0.      0.1176
  0.1925  0.      0.      0.9873  0.      0.0416  0.      1.1028  0.
  0.0577  0.      1.7189  0.9853  0.      1.3637  0.      0.3727  0.
  0.0454  0.      0.      0.4394  0.4227  0.1925  0.1668  0.2336  0.1586
  0.      0.414   0.5475  0.      0.144   0.      0.      0.2176  0.0264
  0.028   0.0157  0.      0.0577  0.      0.      0.      0.      0.      0.
  0.      0.      0.      0.      0.      0.      0.      0.      0.      0.
  0.      0.      0.      0.      0.      0.      0.      0.      0.      0.
  0.      0.      0.      0.      0.      0.      0.      0.      0.      0.
  0.      0.      0.      0.      0.      0.      0.      0.      0.      0.
  0.      0.      0.      0.      0.      0.      0.      0.      0.      0.
  0.      0.      0.      0.      0.      0.      0.      0.      0.      0.
  0.      0.      0.      0.      0.      0.      0.      0.      0.      0.
  0.      0.      0.      0.      0.      0.      0.      0.      0.      0.
  0.      0.      0.      0.      0.      0.      0.      0.      0.      0.
  0.      0.      0.      0.      0.      0.      0.      0.      0.      0.
  0.      0.      0.      0.      0.      0.      0.      0.      0.      0.
  0.      0.      0.      0.      0.      0.      0.      0.      0.      0.
  0.      0.    ]
[ 0.      0.     -0.     -0.      0.      0.      0.      0.      0.     -0.
  0.     -0.      0.     -0.     -0.      0.      0.     -0.      0.      0.
 -0.      0.      0.      0.      0.     -0.     -0.      0.1977 -0.     -0.
 -0.     -0.      0.      0.      0.      1.3085 -0.5358 -0.0201  0.2321
  0.     -0.2742 -0.0075  0.      0.2926 -0.0647 -0.2522  0.2191  0.      0.
 -0.0545  0.      0.      0.      0.      0.     -1.0612  0.      0.      0.
  0.      0.1977  0.1939  0.      1.8762 -1.5773  0.      0.4817  0.
 -0.0085  0.0652  0.0292  0.0652  0.      0.0292  0.     -0.001  -0.0621
 -0.0621  0.1424  0.      0.      0.      0.      0.      0.      0.      0.
  0.      0.      0.      0.      0.      0.      0.      0.      0.      0.
  0.      0.      0.      0.      0.      0.      0.      0.      0.      0.
  0.      0.      0.      0.      0.      0.      0.      0.      0.      0.
  0.      0.      0.      0.      0.      0.      0.      0.      0.      0.
 -0.0002  0.      0.      0.      0.      0.      0.     -0.0002  0.      0.
  0.      0.0114  0.      0.      0.      0.      0.      0.      0.      0.
  0.      0.      0.      0.      0.      0.      0.      0.      0.      0.
  0.      0.      0.      0.      0.      0.      0.      0.      0.      0.
  0.      0.      0.      0.      0.     -0.0331  0.      0.      0.
  0.0703  0.      0.0703  0.      0.      0.      0.      0.      0.      0.
  0.      0.      0.      0.      0.      0.      2.2768  0.     -0.3449
  0.     -0.7205 -0.2697  0.      0.      0.029  -0.3068  0.      0.0302
 -0.0621  0.      0.     -0.0557  0.     -0.0647  0.     -0.8267  0.
  0.1424  0.      0.0913  1.6054  0.     -1.5089  0.     -0.3381  0.
 -0.0533  0.      0.     -0.0071 -0.0138 -0.0621  0.4236  0.0703  0.1366
  0.     -0.147  -0.4118  0.      0.0225  0.      0.     -0.0009 -0.0076
 -0.0085 -0.0075  0.      0.1424  0.      0.      0.      0.      0.      0.
  0.      0.      0.      0.      0.      0.      0.      0.      0.      0.
  0.      0.      0.      0.      0.      0.      0.      0.      0.      0.
  0.      0.      0.      0.      0.      0.      0.      0.      0.      0.
  0.      0.      0.      0.      0.      0.      0.      0.      0.      0.
  0.      0.      0.      0.      0.      0.      0.      0.      0.      0.
  0.      0.      0.      0.      0.      0.      0.      0.      0.      0.
  0.      0.      0.      0.      0.      0.      0.      0.      0.      0.
  0.      0.      0.      0.      0.      0.      0.      0.      0.      0.
  0.      0.      0.      0.      0.      0.      0.      0.      0.      0.
  0.      0.      0.      0.      0.      0.      0.      0.      0.      0.
  0.      0.      0.      0.      0.      0.      0.      0.      0.      0.
  0.      0.      0.      0.      0.      0.      0.      0.      0.      0.
  0.      0.    ]
[ 0.     -0.      0.      0.      0.      0.     -0.     -0.     -0.      0.
 -0.     -0.      0.      0.      0.     -0.     -0.      0.     -0.     -0.
 -0.      0.      0.      0.      0.     -0.      0.      0.2964  0.      0.
 -0.      0.      0.      0.      0.     -0.223  -0.49   -0.3727 -0.132   0.
 -0.2542  0.3124  0.     -0.0713  0.1553 -0.2407 -0.1861  0.      0.
  0.0557  0.      0.      0.      0.      0.     -0.6508  0.      0.      0.
  0.      0.2964  0.3485  0.     -0.367  -0.249   0.      0.3141  0.
  0.7065 -0.1266 -0.0318 -0.1266  0.     -0.0318  0.      0.3941  0.2553
  0.2553 -0.039   0.      0.      0.      0.      0.      0.      0.      0.
  0.      0.      0.      0.      0.      0.      0.      0.      0.      0.
  0.      0.      0.      0.      0.      0.      0.      0.      0.      0.
  0.      0.      0.      0.      0.      0.      0.      0.      0.      0.
  0.      0.      0.      0.      0.      0.      0.      0.      0.      0.
  0.0195  0.      0.      0.      0.      0.      0.      0.0195  0.      0.
  0.      0.0071  0.      0.      0.      0.      0.      0.      0.      0.
  0.      0.      0.      0.      0.      0.      0.      0.      0.      0.
  0.      0.      0.      0.      0.      0.      0.      0.      0.      0.
  0.      0.      0.      0.      0.      0.243   0.      0.      0.
  0.1416  0.      0.1416  0.      0.      0.      0.      0.      0.      0.
  0.      0.      0.      0.      0.      0.     -0.304   0.     -1.2128
  0.     -0.3833  0.3412  0.      0.     -0.0123  1.5749  0.      0.4606
  0.2553  0.      0.      1.2573  0.      0.1553  0.      1.0797  0.     -0.039
  0.      0.4055  0.601   0.     -0.2689  0.      0.3611  0.      0.1624
  0.      0.      0.2365  0.1591  0.2553 -0.1174  0.1416 -0.0711  0.
  0.6626  0.5915  0.      1.0362  0.      0.      0.2148  0.5756  0.7065
  0.3124  0.     -0.039   0.      0.      0.      0.      0.      0.      0.
  0.      0.      0.      0.      0.      0.      0.      0.      0.      0.
  0.      0.      0.      0.      0.      0.      0.      0.      0.      0.
  0.      0.      0.      0.      0.      0.      0.      0.      0.      0.
  0.      0.      0.      0.      0.      0.      0.      0.      0.      0.
  0.      0.      0.      0.      0.      0.      0.      0.      0.      0.
  0.      0.      0.      0.      0.      0.      0.      0.      0.      0.
  0.      0.      0.      0.      0.      0.      0.      0.      0.      0.
  0.      0.      0.      0.      0.      0.      0.      0.      0.      0.
  0.      0.      0.      0.      0.      0.      0.      0.      0.      0.
  0.      0.      0.      0.      0.      0.      0.      0.      0.      0.
  0.      0.      0.      0.      0.      0.      0.      0.      0.      0.
  0.      0.      0.      0.      0.      0.      0.      0.      0.      0.
  0.    ]
Book 7
General Statistics
------------------
[7, 'Pro', 34]
Max number of links: 8.0
Average links: 2.38461538462
[7, 'Def', 12]
Max linked number: 7.0
Average linked: 0.25
[7, 'Pro', 34]
Maximum length text: 2396
Top 10 Words in Statement
------------------
number 58
numbers 38
then 29
if 29
same 29
prime 25
are 22
relatively 20
two 18
any 17
Top 10 Words in Text
------------------
b 278
therefore 276
c 256
d 223
measures 223
number 214
same 165
that 163
e 162
as 140
Text based K Means Cluster
-----------------------------
Category 0
[25, 26]
Category 1
[0, 1, 2, 15, 18, 19, 20, 21, 23, 27, 29, 32, 33, 35, 36, 38]
Category 2
[3, 4, 5, 8, 9, 10, 11, 12, 13, 14, 16, 17, 22, 24, 28, 31, 34, 37]
Category 3
[6, 7]
Category 4
[30]
Links based K Means Cluster
-----------------------------
Category 0
[130, 132, 133, 137, 138, 139, 140, 143, 156, 157, 158, 159, 160, 162, 163, 164, 186, 189, 206]
Category 1
[0, 1, 2, 3, 4, 5, 6, 7, 8, 9, 10, 11, 12, 13, 14, 15, 16, 17, 18, 19, 20, 21, 22, 23, 24, 25, 26, 27, 28, 29, 30, 31, 32, 33, 34, 35, 36, 37, 38, 39, 40, 41, 42, 43, 44, 45, 46, 47, 48, 49, 50, 51, 52, 53, 54, 55, 56, 57, 58, 59, 60, 61, 62, 63, 64, 65, 66, 67, 68, 69, 70, 71, 72, 73, 74, 75, 76, 77, 78, 79, 80, 81, 82, 83, 84, 85, 86, 87, 88, 89, 90, 91, 92, 93, 94, 95, 96, 97, 98, 99, 100, 101, 102, 103, 104, 105, 106, 107, 108, 109, 110, 111, 112, 113, 114, 115, 116, 117, 118, 119, 120, 121, 122, 123, 124, 125, 126, 127, 128, 129, 131, 134, 135, 136, 147, 148, 149, 150, 151, 152, 155, 166, 167, 168, 169, 170, 171, 172, 173, 174, 175, 176, 177, 178, 179, 180, 181, 182, 183, 184, 185, 187, 188, 190, 192, 193, 194, 195, 196, 197, 198, 199, 200, 201, 202, 203, 204, 205, 207, 208, 209, 210, 211, 212, 213, 214, 215, 216, 217, 218, 219, 220, 221, 222, 223, 224, 225, 226, 227, 228, 229, 230, 231, 232, 233, 234, 235, 236, 237, 238, 239, 240, 241, 242, 243, 244, 245, 246, 247, 248, 249, 250, 251, 252, 253, 254, 255, 256, 257, 258, 259, 260, 261, 262, 263, 264, 265, 266, 267, 268, 269, 270, 271, 272, 273, 274]
Category 2
[141, 142, 144, 145, 146, 153, 154, 161, 165, 191]
Category 3
[]
Category 4
[]
Singular Value Decomposition
----------------------------
[ 4.517   3.1537  2.9205  2.6484  2.5231  1.9553  1.8478  1.8437  1.7321
  1.7132  1.5894  1.5343  1.4173  1.4142  1.4142  1.4142  1.3522  1.1919
  1.1257  1.      1.      0.952   0.8679  0.8315  0.7654  0.7349  0.65
  0.6345  0.5294  0.36    0.2297  0.      0.      0.      0.      0.      0.
  0.      0.    ]
[ 0.      0.      0.      0.      0.      0.      0.      0.      0.      0.
  0.      0.     -0.      0.     -0.      0.      0.      0.     -0.      0.
 -0.     -0.      0.     -0.      0.     -0.      0.     -0.      0.     -0.
  0.      0.     -0.     -0.      0.      0.      0.      0.      0.      0.
  0.      0.      0.      0.      0.      0.      0.      0.      0.      0.
  0.      0.      0.      0.      0.      0.      0.      0.      0.      0.
  0.      0.      0.      0.      0.      0.      0.      0.      0.      0.
  0.      0.      0.      0.      0.      0.      0.      0.      0.      0.
  0.      0.      0.      0.      0.      0.      0.      0.      0.      0.
  0.      0.      0.      0.      0.      0.      0.      0.      0.      0.
  0.      0.      0.      0.      0.      0.      0.      0.      0.      0.
  0.      0.      0.      0.      0.      0.      0.      0.      0.      0.
  0.      0.      0.      0.      0.      0.      0.      0.      0.      0.
  0.      0.      0.      0.      0.      0.      0.      0.      0.      0.
  0.      0.      0.      0.      0.      0.      0.      0.      0.      0.
  0.      0.      0.      0.      0.      0.      0.      0.      0.      0.
  0.      0.      0.      0.      0.      0.      0.      0.      0.      0.
  0.      0.      0.      0.      0.      0.      0.      0.      0.      0.
  0.      0.      0.      0.      0.      0.      0.      0.      0.      0.
  0.      0.     -0.1352  0.     -0.1352  0.     -0.9309  0.      0.      0.
  0.      0.      0.      0.      0.      0.      0.      0.      0.      0.
  0.      0.      0.      0.      0.      0.      0.      0.      0.      0.
  0.      0.      0.      0.      0.      0.      0.      0.      0.      0.
  0.      0.      0.      0.      0.      0.      0.      0.      0.      0.
  0.      0.      0.      0.      0.      0.      0.      0.      0.      0.
  0.      0.      0.      0.      0.      0.      0.      0.     -0.0488
 -0.8952 -0.0025  0.     -2.2978  0.      0.      0.      0.     -0.8973
  0.      0.     -0.0461  0.     -0.4115 -0.0707 -0.0712 -0.0642 -0.0514
 -0.0489 -0.007  -0.0462  0.     -0.1205 -0.3531  0.     -0.132  -1.1853
 -0.9081 -0.6484 -1.8021 -1.5695 -1.8021  0.     -0.4923 -0.     -0.     -0.
  0.      0.     -0.3851  0.      0.      0.     -0.5132  0.      0.      0.
  0.      0.      0.      0.      0.      0.      0.      0.      0.      0.
  0.      0.      0.      0.      0.      0.      0.      0.      0.      0.
  0.      0.      0.      0.      0.      0.      0.      0.      0.      0.
  0.      0.      0.      0.      0.      0.      0.      0.      0.      0.
  0.      0.      0.      0.      0.      0.      0.      0.      0.      0.
  0.      0.      0.      0.      0.      0.      0.      0.      0.      0.
  0.      0.      0.      0.      0.      0.    ]
[ 0.      0.      0.      0.      0.      0.      0.      0.      0.      0.
  0.      0.      0.      0.      0.      0.     -0.     -0.      0.     -0.
  0.      0.      0.      0.      0.     -0.      0.     -0.      0.     -0.
  0.      0.      0.     -0.      0.      0.      0.      0.      0.      0.
  0.      0.      0.      0.      0.      0.      0.      0.      0.      0.
  0.      0.      0.      0.      0.      0.      0.      0.      0.      0.
  0.      0.      0.      0.      0.      0.      0.      0.      0.      0.
  0.      0.      0.      0.      0.      0.      0.      0.      0.      0.
  0.      0.      0.      0.      0.      0.      0.      0.      0.      0.
  0.      0.      0.      0.      0.      0.      0.      0.      0.      0.
  0.      0.      0.      0.      0.      0.      0.      0.      0.      0.
  0.      0.      0.      0.      0.      0.      0.      0.      0.      0.
  0.      0.      0.      0.      0.      0.      0.      0.      0.      0.
  0.      0.      0.      0.      0.      0.      0.      0.      0.      0.
  0.      0.      0.      0.      0.      0.      0.      0.      0.      0.
  0.      0.      0.      0.      0.      0.      0.      0.      0.      0.
  0.      0.      0.      0.      0.      0.      0.      0.      0.      0.
  0.      0.      0.      0.      0.      0.      0.      0.      0.      0.
  0.      0.      0.      0.      0.      0.      0.      0.      0.      0.
  0.      0.     -0.0707  0.     -0.0707  0.     -0.5502  0.      0.      0.
  0.      0.      0.      0.      0.      0.      0.      0.      0.      0.
  0.      0.      0.      0.      0.      0.      0.      0.      0.      0.
  0.      0.      0.      0.      0.      0.      0.      0.      0.      0.
  0.      0.      0.      0.      0.      0.      0.      0.      0.      0.
  0.      0.      0.      0.      0.      0.      0.      0.      0.      0.
  0.      0.      0.      0.      0.      0.      0.      0.      0.1228
  0.9617  0.0137  0.     -0.1327  0.      0.      0.      0.     -2.1528
  0.      0.      0.1075 -0.     -0.1563 -0.4284 -0.9169 -0.7325 -0.3055
 -0.2748 -0.1844 -0.2407  0.     -0.7169 -0.9623  0.     -0.0191  0.3327
  0.0049 -0.0162  0.2773  0.6267  0.2773  0.      0.2619 -0.      0.      0.
  0.      0.      0.1172  0.      0.      0.      0.0545  0.      0.      0.
  0.      0.      0.      0.      0.      0.      0.      0.      0.      0.
  0.      0.      0.      0.      0.      0.      0.      0.      0.      0.
  0.      0.      0.      0.      0.      0.      0.      0.      0.      0.
  0.      0.      0.      0.      0.      0.      0.      0.      0.      0.
  0.      0.      0.      0.      0.      0.      0.      0.      0.      0.
  0.      0.      0.      0.      0.      0.      0.      0.      0.      0.
  0.      0.      0.      0.      0.      0.    ]
[ 0.      0.      0.      0.      0.      0.      0.      0.      0.      0.
  0.      0.     -0.     -0.     -0.     -0.     -0.     -0.      0.      0.
 -0.     -0.      0.      0.      0.     -0.      0.     -0.      0.      0.
  0.      0.      0.      0.      0.      0.     -0.      0.      0.      0.
  0.      0.      0.      0.      0.      0.      0.      0.      0.      0.
  0.      0.      0.      0.      0.      0.      0.      0.      0.      0.
  0.      0.      0.      0.      0.      0.      0.      0.      0.      0.
  0.      0.      0.      0.      0.      0.      0.      0.      0.      0.
  0.      0.      0.      0.      0.      0.      0.      0.      0.      0.
  0.      0.      0.      0.      0.      0.      0.      0.      0.      0.
  0.      0.      0.      0.      0.      0.      0.      0.      0.      0.
  0.      0.      0.      0.      0.      0.      0.      0.      0.      0.
  0.      0.      0.      0.      0.      0.      0.      0.      0.      0.
  0.      0.      0.      0.      0.      0.      0.      0.      0.      0.
  0.      0.      0.      0.      0.      0.      0.      0.      0.      0.
  0.      0.      0.      0.      0.      0.      0.      0.      0.      0.
  0.      0.      0.      0.      0.      0.      0.      0.      0.      0.
  0.      0.      0.      0.      0.      0.      0.      0.      0.      0.
  0.      0.      0.      0.      0.      0.      0.      0.      0.      0.
  0.      0.      0.4857  0.      0.4857  0.      1.159   0.      0.      0.
  0.      0.      0.      0.      0.      0.      0.      0.      0.      0.
  0.      0.      0.      0.      0.      0.      0.      0.      0.      0.
  0.      0.      0.      0.      0.      0.      0.      0.      0.      0.
  0.      0.      0.      0.      0.      0.      0.      0.      0.      0.
  0.      0.      0.      0.      0.      0.      0.      0.      0.      0.
 -0.     -0.      0.      0.      0.      0.      0.      0.     -0.2384
 -1.525  -0.0317  0.      0.2408  0.      0.      0.      0.     -0.6906
  0.      0.     -0.2025  0.     -0.1664 -0.0975 -0.6919 -0.5296 -0.1223
 -0.108  -0.1622 -0.0917  0.     -0.2022  0.1588  0.      0.0435 -0.6974
  1.1094  0.9028 -0.0526 -0.1663 -0.0526  0.     -0.2993 -0.      0.      0.
  0.      0.     -0.0041  0.      0.      0.      0.4171  0.      0.      0.
  0.      0.      0.      0.      0.      0.      0.      0.      0.      0.
  0.      0.      0.      0.      0.      0.      0.      0.      0.      0.
  0.      0.      0.      0.      0.      0.      0.      0.      0.      0.
  0.      0.      0.      0.      0.      0.      0.      0.      0.      0.
  0.      0.      0.      0.      0.      0.      0.      0.      0.      0.
  0.      0.      0.      0.      0.      0.      0.      0.      0.      0.
  0.      0.      0.      0.      0.      0.    ]
Book 8
General Statistics
------------------
[8, 'Pro', 21]
Max number of links: 8.0
Average links: 3.25925925926
[7, 'Pro', 17]
Max linked number: 8.0
Average linked: 0.236559139785
[8, 'Pro', 4]
Maximum length text: 3503
Top 10 Words in Statement
------------------
numbers 43
then 23
if 23
side 20
number 20
square 19
are 19
proportion 18
continued 18
between 15
Top 10 Words in Text
------------------
b 271
d 264
c 246
as 220
e 211
therefore 209
f 177
numbers 174
g 151
are 144
Text based K Means Cluster
-----------------------------
Category 0
[]
Category 1
[0, 1, 2, 3, 4, 7, 8, 9, 10, 11, 12, 13, 14, 17, 18, 19, 20]
Category 2
[6, 15, 16, 21, 22]
Category 3
[23, 24, 25, 26]
Category 4
[5]
Links based K Means Cluster
-----------------------------
Category 0
[161, 163, 164, 167]
Category 1
[0, 1, 2, 3, 4, 5, 6, 7, 8, 9, 10, 11, 12, 13, 14, 15, 16, 17, 18, 19, 20, 21, 22, 23, 24, 25, 26, 27, 28, 29, 30, 31, 32, 33, 34, 35, 36, 37, 38, 39, 40, 41, 42, 43, 44, 45, 46, 47, 48, 49, 50, 51, 52, 53, 54, 55, 56, 57, 58, 59, 60, 61, 62, 63, 64, 65, 66, 67, 68, 69, 70, 71, 72, 73, 74, 75, 76, 77, 78, 79, 80, 81, 82, 83, 84, 85, 86, 87, 88, 89, 90, 91, 92, 93, 94, 95, 96, 97, 98, 99, 100, 101, 102, 103, 104, 105, 106, 107, 108, 109, 110, 111, 112, 113, 114, 115, 116, 117, 118, 119, 120, 121, 122, 123, 124, 125, 126, 127, 128, 129, 130, 131, 132, 133, 134, 135, 136, 137, 138, 139, 140, 141, 142, 143, 148, 149, 150, 151, 152, 153, 154, 155, 156, 158, 160, 162, 166, 169, 170, 171, 172, 173, 174, 175, 176, 177, 178, 179, 180, 181, 182, 183, 184, 185, 186, 187, 188, 189, 190, 191, 192, 193, 194, 195, 196, 197, 198, 199, 200, 201, 202, 203, 204, 205, 206, 207, 208, 209, 210, 211, 212, 213, 214, 215, 216, 217, 218, 219, 220, 221, 222, 223, 224, 225, 226, 227, 228, 229, 230, 231, 232, 233, 234, 235, 236, 237, 238, 239, 240, 241, 242, 243, 244, 245, 246, 247, 248, 249, 250, 251, 252, 253, 254, 255, 256, 257, 258, 259, 260, 261, 262, 263, 264, 265, 266, 267, 268, 269, 270, 271, 272, 273, 274]
Category 2
[165, 168]
Category 3
[144, 145, 146, 147, 157, 159]
Category 4
[]
Singular Value Decomposition
----------------------------
[ 4.6255  3.7167  2.9326  2.7217  2.4786  2.185   1.8628  1.7579  1.6142
  1.5021  1.461   1.3611  1.2344  1.1892  1.0547  1.      1.      1.      1.
  0.7428  0.716   0.6502  0.6053  0.5871  0.4206  0.1762  0.    ]
[-0.      0.      0.      0.     -0.      0.      0.      0.     -0.     -0.
 -0.     -0.     -0.     -0.     -0.      0.      0.     -0.     -0.      0.
  0.     -0.      0.      0.     -0.      0.      0.      0.      0.      0.
  0.      0.      0.      0.      0.      0.      0.      0.      0.      0.
  0.      0.      0.      0.      0.      0.      0.      0.      0.      0.
  0.      0.      0.      0.      0.      0.      0.      0.      0.      0.
  0.      0.      0.      0.      0.      0.      0.      0.      0.      0.
  0.      0.      0.      0.      0.      0.      0.      0.      0.      0.
  0.      0.      0.      0.      0.      0.      0.      0.      0.      0.
  0.      0.      0.      0.      0.      0.      0.      0.      0.      0.
  0.      0.      0.      0.      0.      0.      0.      0.      0.      0.
  0.      0.      0.      0.      0.      0.      0.      0.      0.      0.
  0.      0.      0.      0.      0.      0.      0.      0.      0.      0.
  0.      0.      0.      0.      0.      0.      0.      0.      0.      0.
  0.      0.      0.      0.      0.      0.      0.      0.      0.      0.
  0.      0.      0.      0.      0.      0.      0.      0.      0.      0.
  0.      0.      0.      0.      0.      0.      0.      0.      0.      0.
  0.      0.      0.      0.      0.      0.     -0.2895 -0.3858  0.      0.
  0.      0.      0.      0.      0.      0.      0.      0.      0.      0.
  0.      0.      0.      0.      0.      0.      0.      0.      0.      0.
  0.      0.      0.      0.      0.      0.      0.      0.      0.      0.
  0.      0.      0.      0.      0.      0.      0.      0.      0.      0.
  0.      0.      0.      0.      0.      0.      0.      0.      0.      0.
  0.      0.      0.      0.      0.      0.      0.      0.      0.      0.
  0.      0.      0.      0.      0.      0.      0.      0.      0.      0.
  0.      0.      0.      0.      0.      0.      0.      0.      0.      0.
  0.      0.      0.      0.      0.      0.      0.     -1.4077 -0.3721
  0.      0.      0.      0.      0.      0.      0.      0.      0.      0.
  0.      0.      0.     -0.846  -1.6347  0.      0.     -1.4909 -1.416   0.
 -1.5882 -1.1142 -0.3638  0.      0.      0.      0.     -0.3638  0.      0.
  0.      0.      0.     -1.9771 -0.1981 -0.1981  0.      0.      0.      0.
 -0.3181 -1.1267 -1.2023 -0.1532  0.      0.     -0.1668  0.      0.      0.
 -0.1668 -0.0854  0.      0.     -0.      0.      0.     -0.4514 -0.1849
 -0.5186  0.     -0.0221 -0.0312  0.      0.      0.      0.      0.      0.
  0.      0.      0.      0.      0.      0.      0.      0.      0.      0.
  0.      0.      0.      0.      0.      0.      0.      0.      0.      0.
  0.      0.      0.      0.      0.      0.      0.      0.      0.      0.
  0.      0.      0.      0.    ]
[-0.     -0.     -0.     -0.     -0.      0.      0.     -0.      0.      0.
  0.      0.      0.      0.     -0.      0.      0.      0.      0.      0.
  0.      0.      0.     -0.     -0.      0.      0.      0.      0.      0.
  0.      0.      0.      0.      0.      0.      0.      0.      0.      0.
  0.      0.      0.      0.      0.      0.      0.      0.      0.      0.
  0.      0.      0.      0.      0.      0.      0.      0.      0.      0.
  0.      0.      0.      0.      0.      0.      0.      0.      0.      0.
  0.      0.      0.      0.      0.      0.      0.      0.      0.      0.
  0.      0.      0.      0.      0.      0.      0.      0.      0.      0.
  0.      0.      0.      0.      0.      0.      0.      0.      0.      0.
  0.      0.      0.      0.      0.      0.      0.      0.      0.      0.
  0.      0.      0.      0.      0.      0.      0.      0.      0.      0.
  0.      0.      0.      0.      0.      0.      0.      0.      0.      0.
  0.      0.      0.      0.      0.      0.      0.      0.      0.      0.
  0.      0.      0.      0.      0.      0.      0.      0.      0.      0.
  0.      0.      0.      0.      0.      0.      0.      0.      0.      0.
  0.      0.      0.      0.      0.      0.      0.      0.      0.      0.
  0.      0.      0.      0.      0.      0.      0.6463  0.8089  0.      0.
  0.      0.      0.      0.      0.      0.      0.      0.      0.      0.
  0.      0.      0.      0.      0.      0.      0.      0.      0.      0.
  0.      0.      0.      0.      0.      0.      0.      0.      0.      0.
  0.      0.      0.      0.      0.      0.      0.      0.      0.      0.
  0.      0.      0.      0.      0.      0.      0.      0.      0.      0.
  0.      0.      0.      0.      0.      0.      0.      0.      0.      0.
  0.      0.      0.      0.      0.      0.      0.      0.      0.      0.
  0.      0.      0.      0.      0.      0.      0.      0.      0.      0.
  0.      0.      0.      0.      0.      0.      0.     -0.4829  0.8193
  0.      0.      0.      0.      0.      0.      0.      0.      0.      0.
  0.      0.      0.      0.9229 -0.8994  0.      0.      2.2287  1.4358
  0.     -0.6126 -0.7161  0.2532  0.      0.      0.      0.      0.2532
  0.      0.      0.      0.      0.     -0.9065 -0.0146 -0.0146  0.      0.
  0.      0.      0.2665 -0.5393 -0.7768  0.1037  0.      0.     -0.1039
  0.      0.      0.     -0.1039 -0.0539  0.      0.     -0.      0.      0.
  0.4851 -0.0786 -0.2552  0.      0.0379  0.0317  0.      0.      0.      0.
  0.      0.      0.      0.      0.      0.      0.      0.      0.      0.
  0.      0.      0.      0.      0.      0.      0.      0.      0.      0.
  0.      0.      0.      0.      0.      0.      0.      0.      0.      0.
  0.      0.      0.      0.      0.      0.    ]
[ 0.      0.     -0.      0.      0.      0.      0.      0.      0.      0.
 -0.     -0.     -0.      0.     -0.      0.      0.      0.      0.      0.
  0.     -0.      0.      0.     -0.      0.      0.      0.      0.      0.
  0.      0.      0.      0.      0.      0.      0.      0.      0.      0.
  0.      0.      0.      0.      0.      0.      0.      0.      0.      0.
  0.      0.      0.      0.      0.      0.      0.      0.      0.      0.
  0.      0.      0.      0.      0.      0.      0.      0.      0.      0.
  0.      0.      0.      0.      0.      0.      0.      0.      0.      0.
  0.      0.      0.      0.      0.      0.      0.      0.      0.      0.
  0.      0.      0.      0.      0.      0.      0.      0.      0.      0.
  0.      0.      0.      0.      0.      0.      0.      0.      0.      0.
  0.      0.      0.      0.      0.      0.      0.      0.      0.      0.
  0.      0.      0.      0.      0.      0.      0.      0.      0.      0.
  0.      0.      0.      0.      0.      0.      0.      0.      0.      0.
  0.      0.      0.      0.      0.      0.      0.      0.      0.      0.
  0.      0.      0.      0.      0.      0.      0.      0.      0.      0.
  0.      0.      0.      0.      0.      0.      0.      0.      0.      0.
  0.      0.      0.      0.      0.      0.      0.0656 -0.0453  0.      0.
  0.      0.      0.      0.      0.      0.      0.      0.      0.      0.
  0.      0.      0.      0.      0.      0.      0.      0.      0.      0.
  0.      0.      0.      0.      0.      0.      0.      0.      0.      0.
  0.      0.      0.      0.      0.      0.      0.      0.      0.      0.
  0.      0.      0.      0.      0.      0.      0.      0.      0.      0.
  0.      0.      0.      0.      0.      0.      0.      0.      0.      0.
  0.      0.      0.      0.      0.      0.      0.      0.      0.      0.
  0.      0.      0.      0.      0.      0.      0.      0.      0.      0.
  0.      0.      0.      0.      0.      0.      0.      1.8088  0.0528
  0.      0.      0.      0.      0.      0.      0.      0.      0.      0.
  0.      0.      0.      0.4328  0.0753  0.      0.      0.0972 -0.247   0.
  0.3075 -0.0725 -0.469   0.      0.      0.      0.     -0.469   0.      0.
  0.      0.      0.     -0.891   0.3862  0.3862  0.      0.      0.      0.
 -0.052  -1.0644  0.0078  0.0227  0.     -0.      0.8891  0.      0.      0.
  0.8891  0.472   0.      0.      0.      0.      0.     -0.4849 -0.3871
 -0.2855  0.     -0.0638 -0.1147  0.      0.      0.      0.      0.      0.
  0.      0.      0.      0.      0.      0.      0.      0.      0.      0.
  0.      0.      0.      0.      0.      0.      0.      0.      0.      0.
  0.      0.      0.      0.      0.      0.      0.      0.      0.      0.
  0.      0.      0.      0.    ]
Book 9
General Statistics
------------------
[9, 'Pro', 36]
Max number of links: 9.0
Average links: 2.88888888889
[8, 'Pro', 8]
Max linked number: 6.0
Average linked: 0.279569892473
[9, 'Pro', 36]
Maximum length text: 3608
Top 10 Words in Statement
------------------
number 45
if 35
then 34
as 29
numbers 28
are 23
odd 18
from 17
unit 16
an 16
Top 10 Words in Text
------------------
b 247
therefore 244
c 217
d 166
number 166
as 138
numbers 129
by 126
also 120
it 114
Text based K Means Cluster
-----------------------------
Category 0
[]
Category 1
[7, 9, 11, 12, 13, 14]
Category 2
[0, 1, 2, 3, 4, 5, 6, 8, 10, 15, 16, 17, 18, 19, 20, 21, 22, 23, 24, 25, 26, 27, 28, 29, 30, 31, 32, 33]
Category 3
[35]
Category 4
[34]
Links based K Means Cluster
-----------------------------
Category 0
[183, 184, 185, 187, 189, 192, 205, 215, 217, 219, 220, 221, 225, 226, 241, 244, 246, 274]
Category 1
[0, 1, 2, 3, 4, 5, 6, 7, 8, 9, 10, 11, 12, 13, 14, 15, 16, 17, 18, 19, 20, 21, 22, 23, 24, 25, 26, 27, 28, 29, 30, 31, 32, 33, 34, 35, 36, 37, 38, 39, 40, 41, 42, 43, 44, 45, 46, 47, 48, 49, 50, 51, 52, 53, 54, 55, 56, 57, 58, 59, 60, 61, 62, 63, 64, 65, 66, 67, 68, 69, 70, 71, 72, 73, 74, 75, 76, 77, 78, 79, 80, 81, 82, 83, 84, 85, 86, 87, 88, 89, 90, 91, 92, 93, 94, 95, 96, 97, 98, 99, 100, 101, 102, 103, 104, 105, 106, 107, 108, 109, 110, 111, 112, 113, 114, 115, 116, 117, 118, 119, 120, 121, 122, 123, 124, 125, 126, 127, 128, 129, 130, 131, 132, 133, 134, 135, 136, 137, 138, 139, 140, 141, 142, 143, 144, 145, 146, 147, 148, 149, 150, 151, 152, 153, 154, 155, 156, 157, 158, 159, 160, 161, 162, 163, 164, 165, 166, 167, 168, 169, 170, 171, 172, 173, 174, 175, 176, 177, 178, 179, 180, 181, 182, 186, 190, 191, 193, 195, 197, 198, 199, 200, 201, 203, 204, 207, 208, 209, 210, 211, 212, 213, 214, 216, 218, 222, 223, 224, 227, 228, 229, 230, 231, 232, 233, 234, 235, 236, 237, 238, 239, 240, 242, 243, 247, 248, 249, 250, 251, 252, 253, 254, 255, 256, 257, 258, 259, 260, 261, 262, 263, 264, 265, 268, 269, 270, 271, 272, 273]
Category 2
[188, 194, 196, 202, 206, 245, 266, 267]
Category 3
[]
Category 4
[]
Singular Value Decomposition
----------------------------
[ 4.198   3.8299  2.821   2.6841  2.6458  2.4168  2.1031  2.0786  1.9665
  1.9308  1.8207  1.762   1.7155  1.6047  1.4142  1.4142  1.3564  1.2822
  1.2155  1.      1.      0.937   0.8825  0.8453  0.7427  0.5931  0.589
  0.5216  0.5148  0.4861  0.2697  0.      0.      0.      0.      0.    ]
[ 0.      0.      0.     -0.      0.      0.     -0.     -0.     -0.     -0.
  0.      0.      0.      0.      0.     -0.     -0.      0.      0.     -0.
  0.     -0.      0.      0.     -0.     -0.      0.     -0.     -0.      0.
  0.      0.      0.      0.      0.      0.      0.      0.      0.      0.
  0.      0.      0.      0.      0.      0.      0.      0.      0.      0.
  0.      0.      0.      0.      0.      0.      0.      0.      0.      0.
  0.      0.      0.      0.      0.      0.      0.      0.      0.      0.
  0.      0.      0.      0.      0.      0.      0.      0.      0.      0.
  0.      0.      0.      0.      0.      0.      0.      0.      0.      0.
  0.      0.      0.      0.      0.      0.      0.      0.      0.      0.
  0.      0.      0.      0.      0.      0.      0.      0.      0.      0.
  0.      0.      0.      0.      0.      0.      0.      0.      0.      0.
  0.      0.      0.      0.      0.      0.      0.      0.      0.      0.
  0.      0.      0.      0.      0.      0.      0.      0.      0.      0.
  0.      0.      0.      0.      0.      0.      0.      0.      0.      0.
  0.      0.      0.      0.      0.      0.      0.      0.      0.      0.
  0.      0.      0.      0.      0.      0.      0.      0.      0.      0.
  0.      0.      0.      0.      0.      0.      0.      0.      0.      0.
  0.      0.      0.      0.      0.      0.      0.      0.      0.      0.
  0.      0.      0.      0.      0.      0.      0.      0.      0.      0.
  0.      0.      0.      0.      0.      0.      0.      0.      0.      0.
  0.      0.      0.      0.      0.      0.      0.      0.      0.      0.
  0.      0.      0.      0.      0.      0.      0.      0.      0.      0.
  0.      0.      0.      0.      0.      0.      0.      0.      0.      0.
  0.      0.      0.      0.      0.      0.      0.      0.      0.      0.
  0.      0.      0.      0.      0.     -0.016  -0.001   0.      0.      0.
 -0.     -0.1575  0.      0.      0.      0.      0.     -1.1223  0.
 -0.2189  0.      0.      0.      0.      0.      0.      0.      0.      0.
  0.     -0.0041 -0.0041 -0.0635 -0.2189  0.      0.     -1.443   0.
 -0.4865 -0.4916 -0.4916  0.      0.      0.      0.      0.      0.      0.
 -0.3764  0.     -0.0857  0.      0.      0.      0.      0.      0.      0.
  0.      0.      0.      0.      0.      0.      0.      0.     -2.1214
  0.      0.      0.      0.      0.      0.      0.      0.      0.
 -0.5206 -1.2985 -0.2457  0.     -0.7584 -2.0844  0.     -0.0365 -0.0365
  0.      0.      0.     -1.1811  0.      0.     -0.0365  0.     -0.5334
  0.      0.     -0.2383 -0.0809 -0.2331  0.      0.     -0.0293  0.      0.
  0.      0.      0.      0.      0.      0.      0.      0.      0.      0.
  0.      0.      0.      0.      0.      0.     -0.2189  0.    ]
[-0.      0.     -0.      0.      0.     -0.      0.      0.      0.      0.
  0.     -0.     -0.      0.      0.      0.      0.     -0.      0.      0.
  0.      0.     -0.     -0.      0.      0.     -0.      0.      0.      0.
  0.     -0.     -0.     -0.     -0.      0.      0.      0.      0.      0.
  0.      0.      0.      0.      0.      0.      0.      0.      0.      0.
  0.      0.      0.      0.      0.      0.      0.      0.      0.      0.
  0.      0.      0.      0.      0.      0.      0.      0.      0.      0.
  0.      0.      0.      0.      0.      0.      0.      0.      0.      0.
  0.      0.      0.      0.      0.      0.      0.      0.      0.      0.
  0.      0.      0.      0.      0.      0.      0.      0.      0.      0.
  0.      0.      0.      0.      0.      0.      0.      0.      0.      0.
  0.      0.      0.      0.      0.      0.      0.      0.      0.      0.
  0.      0.      0.      0.      0.      0.      0.      0.      0.      0.
  0.      0.      0.      0.      0.      0.      0.      0.      0.      0.
  0.      0.      0.      0.      0.      0.      0.      0.      0.      0.
  0.      0.      0.      0.      0.      0.      0.      0.      0.      0.
  0.      0.      0.      0.      0.      0.      0.      0.      0.      0.
  0.      0.      0.      0.      0.      0.      0.      0.      0.      0.
  0.      0.      0.      0.      0.      0.      0.      0.      0.      0.
  0.      0.      0.      0.      0.      0.      0.      0.      0.      0.
  0.      0.      0.      0.      0.      0.      0.      0.      0.      0.
  0.      0.      0.      0.      0.      0.      0.      0.      0.      0.
  0.      0.      0.      0.      0.      0.      0.      0.      0.      0.
  0.      0.      0.      0.      0.      0.      0.      0.      0.      0.
  0.      0.      0.      0.      0.      0.      0.      0.      0.      0.
  0.      0.      0.      0.     -0.      0.0572  0.0042  0.      0.      0.
  0.      0.5678 -0.      0.      0.      0.      0.      0.4635  0.
  0.6139  0.      0.      0.      0.      0.      0.      0.      0.      0.
  0.      0.0208  0.0208  0.2637  0.6139  0.      0.     -0.5887  0.
  1.5559  1.6494  1.6494  0.      0.      0.      0.      0.      0.      0.
  1.1817  0.      0.2795  0.      0.      0.      0.      0.      0.      0.
  0.      0.      0.      0.      0.      0.      0.      0.     -0.7259
  0.      0.      0.      0.      0.      0.      0.      0.      0.
 -0.2272 -0.4453 -0.1128  0.     -0.1367 -0.5209  0.      0.0768  0.0768
  0.      0.      0.     -0.3705  0.      0.      0.0768  0.      0.896   0.
  0.      0.8282  0.2604  0.663   0.      0.      0.1138  0.      0.      0.
  0.     -0.     -0.     -0.     -0.      0.      0.      0.     -0.      0.
 -0.      0.      0.      0.      0.      0.6139  0.    ]
[-0.      0.     -0.      0.      0.      0.     -0.     -0.     -0.      0.
  0.     -0.      0.      0.      0.     -0.      0.     -0.     -0.     -0.
  0.     -0.      0.      0.      0.      0.      0.     -0.     -0.      0.
  0.     -0.      0.      0.      0.      0.      0.      0.      0.      0.
  0.      0.      0.      0.      0.      0.      0.      0.      0.      0.
  0.      0.      0.      0.      0.      0.      0.      0.      0.      0.
  0.      0.      0.      0.      0.      0.      0.      0.      0.      0.
  0.      0.      0.      0.      0.      0.      0.      0.      0.      0.
  0.      0.      0.      0.      0.     -0.     -0.      0.      0.      0.
  0.      0.      0.      0.      0.      0.      0.      0.      0.      0.
  0.      0.      0.      0.      0.      0.      0.      0.      0.      0.
  0.      0.      0.      0.      0.      0.      0.      0.      0.      0.
  0.      0.      0.      0.      0.      0.      0.      0.      0.      0.
  0.      0.      0.      0.      0.      0.      0.      0.      0.      0.
  0.      0.      0.      0.      0.      0.      0.      0.      0.      0.
  0.      0.      0.      0.      0.      0.      0.      0.      0.      0.
  0.      0.      0.      0.      0.      0.      0.      0.      0.      0.
  0.      0.      0.      0.      0.      0.      0.      0.      0.      0.
  0.      0.      0.      0.      0.      0.      0.      0.      0.      0.
  0.      0.      0.      0.      0.      0.      0.      0.      0.      0.
  0.      0.      0.      0.      0.      0.      0.      0.      0.      0.
  0.      0.      0.      0.      0.      0.      0.      0.      0.      0.
  0.      0.      0.      0.      0.      0.      0.      0.      0.      0.
  0.      0.      0.      0.      0.      0.      0.      0.      0.      0.
  0.      0.      0.      0.      0.      0.      0.      0.      0.      0.
  0.      0.      0.      0.      2.204   0.     -0.      0.      0.      0.
  0.0318 -0.      0.2211  0.      0.      0.      0.      0.      0.     -0.
  0.      0.      0.      0.      0.      0.      0.      0.      0.      0.
  0.      0.     -0.     -0.     -0.      0.      0.      0.      0.      0.
  0.     -0.      0.     -0.     -0.      0.      0.     -0.     -0.      0.
 -0.      0.      0.      0.      0.      0.      0.      0.      0.      0.
 -0.      0.      0.      0.      0.      0.      0.      0.      0.      0.
  0.      0.      0.      0.      0.      0.     -0.     -0.     -0.      0.
 -0.      0.      0.      0.      0.      0.      0.      0.     -0.      0.
  0.      0.      0.     -0.      0.      0.      0.      0.     -0.      0.
  0.      0.      0.      0.      0.      0.      1.0273  0.4644  0.0371
  1.3336  0.      0.      0.     -0.      0.     -0.      0.      0.      0.
  0.     -0.      0.    ]
